target
3DCG Pre-Rendering Animation
Eco-Village
Environmental Design
Environmental Symbiosis Design
Natural Elements
Building Information Modeling
Building Information Modeling
Computer Aided Design
Cost Estimation
Life Cycle Assessment
Life Cycle Assessment
Virtual Building Environment
Visual Basic Editor
Case Based Reasoning
Context-Aware Algorithm
Ubiquitous Computing
Ubiquitous Residential Environment
Case Based Retrieval
Colour Image
Colour Scheme
Nearest Neighbour
Generative Design
High-Rise Building
Interactive Design
MAX Script
Multi-Directional Interrelationship
Constraints Satisfaction
Graph-Like Structures
Interior Layout
Shape Grammar
Architectural Computing
Architectural Programming Language
Connections Based Paradigm
Intentional Programming
Inferencing
Knowledge Acquisition
Knowledge Storage
Modeling
Portals
Analogy Making
Design
Similarity
Situatedness
Situated Life Pattern
Smart Space
Ubiquitous Computing
Emotional Design
Smart Space
Ubiquitous Computing
Customized Object
Geometric Security
Order Mechanism
Agent
Curiosity
Intelligent Room
Supervised Learning
Building Information Modeling
Sustainable Rating System
Classification
Ecology-Friendly City
Environmental Information
Geo-Spatial Urban Map
Visualization
Affordances
Collaborative Virtual Environment
Design Collaboration
Protocol Analysis
Casting
Molding
Parametrics
Reconfigurability
Topology
Ultra-High Performance Concrete
Variability
Environmental Factors
Simulation
Yeongyeongdang
Geographic Information System
Google Maps
Project Database
Sustainable Housing
Animation
Design Studies
Design Theory
Education
Interview
ITC Based Lifestyles
Neighbourhood Qualities
Qualitative and Quantitative
Chiang Mai House
Comfort
Construction Material
Cost Effectiveness
Passive Cooling System
Collaboration
Creativity
Protocol Analysis
Virtual Worlds
Blog
Citizen Participatory Design
Design Methods
Sustainable Community Design
Virtual Reality
Design Process
Design Research
Language
Observation
Kinetic Design
Responsive Architecture
Smart Space
Augmented Reality
Design Conversing
Mixed Reality
Reality
Virtual Reality
Performance
Performative Architecture
Simulation
Computer Aided Architectural Design
Design
Interpretation
Representation
Situated Agent
Conceptual Design Process
Design Conversing
Graphic Representations
Grounded Theory
Sketching
Animation
Complexity
Parametric
Responsiveness
Case Library
Data Mining
Design Knowledge
Knowledge Representation
Semantic Ontology
FAR
Generator
Genetic Algorithm
Multi-Agent System
Blocks Computation
Design Pattern
Frank Lloyd Wright
Symmetry Studies
Textile Blocks
Architectural Design Learning
Augmented Reality
Framework
Learning Theory
Tangible Interface
Broadband
Collaboration
Design
Tele-Presence
Visualization
Automatic Creation
Facade Design
Fluctuation
Context Awareness
Mobile Computing
Urban Interaction Design
Design Process
Image Database
Indexing Process
Thesaurus Describers
3D Voronoi Grids
Alternative Planning Frameworks For Architectural Design
Weighted Voronoi Diagrams
Agent
Attention Theory
Behavior
Pedestrian
Street Design
Urbanism
Visualization
Affordable Non-Standard Architecture
Building Shell
Mass Customization
Ornament
Parametric Design
Symmetry
Design Theory
Digital Design Representation
Education
Design Education
Problem Based Learning
Virtual Environment
Virtual Reality
Fabrication
Fabricator
Pattern
Rapid Prototyping
Architecture
Art
Design Learning
Fabrication
Parametric Design
Computer Supported Design
Exploration
Shape Rule
Sketching
Design Process
Ergonomics
Inclusive Design
Motion Capture
New Geometry
3D Modeling
Cultural Heritage
Parametric Modeling
Building Information Modeling
Collaboration Platform
3D Visualization
Architecture
Collaboration
Mixed Reality
Music
Architecture
Digital
Music
Parametric
Embodied Interaction
Embodiment
Interactive Architecture
Phenomenology
Second Order Cybernetics
Design Theory
Digital Fabrication
Formal Composition
Shape Grammar
2D Laser Cutter
Analogue Model Assemblage
Digital Design Development
Digital Model
Manufacturing Process
Collaborative Designs Coordination
Digital Communications System
Instant Messaging
Blog
Boundary Object
Computer Game
Generalist
Sketch
Specialist
Building Information Modeling
Design Strategy
Design Studio
Downtown
Landscape
Simulation
Virtual Reality Modeling Language
Collaborative Virtual Environment
Collaborative Virtual Workplace
Office Ecology
Place Metaphor
Socio-Spatial Behavior
Benjamin
Design
Fabrication
Flexibility
Prototype
Stereoscopic
User Perception
Virtual Reality
Visualization
3D Modeling
3D Virtual Environment
Architectural Compositions
User Interactivity
Collaborative Financial Feasibility
Computer Aided Architectural Design
Residential Development
Virtual Reality
Facade
Nihonbashi
Redevelopment
Streetscapes
Super High-Rise Building
Virtual Reality System
Place
Place-Making
Virtual Environment: Autonomous Agents
Location Based Services
Optimization
Smart Environment
Ubiquitous Computing
Computer Simulation
Game Technology
Validating Virtual Simulation
Virtual Environment
Absorption Coefficient of Material Surface
Computer Aided Design Layer
Gauss Blur Method
Solar Radiation
Kaizen
Kanban
Pervasive Computing
Resource Optimization
Simulation
Smart Building
Sustainability
Toyota Production System
Panorama
Phidgets
Tangible User Interface
Urban Visualization
Cultural Probe
Questionnaire
Smart Home
Surveying 
The Elderly
2D Barcode
City Guide
Global Positioning System
Near Field Communication
Real-Time Location Awareness
Constructivism
Design Theory
Donald Schön
Epistemology
Reflective Practice
3D Virtual Worlds
Alternative Design
Virtual Design Studio
Foldable Structures
Kinetic Architecture
Transformation
Computer Aided Design
Computer Aided Manufacturing
Inquiry Based Education
Pedagogy
Animation
Computer Graphics
Processing
Render Farm
Design Theory
Digital Design Method
Digital Fabrication
Analogical Thinking
Cognitive Experiment
Computer Media
Sketching
Animation
Design Studies
Design Theory
Education
Dynamic Spatial Information Model
SAFA Ontology
Sub-Spacing
Urban Computing Environment
Design Diagrams
Time Based Media
Visualization
Box-Counting
Computational Analysis
Fractal Dimension
Peter Eisenman
Collaborative Design
Computeraided Design
Project Feasibility
Tangible User Interface
Urban Design And Planning
Brainstorming
Conceptual Design
Design Space
Idea Map
Linking Ideas
Cognition Model
Conceptual Design
Design Process
Design Theory
Flexible Structures
Mobile Installation
Virtual Organism: Multi-Agent System
Human Computer Interface
Smart Space
Developmental
Interpretation
Shape Grammar
System
Automatic Extraction
Building Features
Image Data
Dynamic Space
Human Environment Interaction
Simulation
Voxel Facade
Conceptual Model
Interactive Qualitative Analysis
Web Design Team
Website Construction
Body Movement
Interactive Environment
Mapping
Aesthetics
Cultural Identity
Image Design
Collaborative Virtual Environment
Design Education
Student Perception
Historical City
Investigation
Rented House Use
Vacant Traditional Townhouse
Virtual Reality
Community Development
Consensus Building
LRT
Transport Planning
Virtual Reality
Depth Perception
High Dynamic Range Imagery
Physically Based Rendering
Pictorial Cue
Tone Mapping
Crossover
Evolutions
Fitness
Genetic Algorithm
3D Database
Building Management
Facilities Management
Smart System
Augmented Reality
Navigation
Digital Fabrication
Gaussian Vault
Parametric Geometry
Physical Prototyping
Augmented Reality
Interactive Augmented Reality
Interior Design
Tangible Augmented Reality
Augmented Reality
Contextual Design
Design Representations
Spatio Temporal Design
Augmented Reality
Geosemiotics
Locative Media
Mobile Spatial Interaction
Ubiquitous Computing
Ambient Display
Easy to Use
Human Computer Interface
Causality
Control
Design
Logic
Science
Intuitive Manipulation
Knowledge Representation
Spatial Allocation
Spatial Topology
Design
Fabrication
Parametric Modeling
Screening
Historical Building
Mobile Navigation
QR Code
Big Data
Case Library
Design Knowledge
Knowledge Representation
Semantic Ontology
Content Management System
Computer Aided Architectural Design
Education
LMS
Computer Aided Design
Computer Aided Manufacturing
Statics
Dynamics
Fabrication
Tectonics
Building Information Modeling
Framework
Rating System
Sustainable Design
Colour
Colour Combination
Colour Image
Colour Set
3D Laser Scanner
Cultural Heritage
Digital Archiving
Digital Reconstruction
Interaction Design
Methodology
Smart Space
Usability
Augmented Reality
Database Query
Information Navigation
Learning Behaviour
Learning Effect
Building Products
Distributed Intelligence
Emergent Behavior
Smart Technology
Architectural Representation
Representational Media
Virtual Reality
Design Methods
Generative Design
Knot Theory
Parametric Form Generation
Scripting
Algorithmic Design
Intuitive Interface
Tangible User Interface
Architectural Exploration
Procedural Modeling
Rule Based
Surface Reconstruction
Design Performance
Digital Fabrication
Robotic Construction
Timber Wall
Dynamic
Form-Finding
Relaxation
Tensegrity
Biological Computation
Design Methods
Generative Design
Maya Embedded Language Scripting
Biomimicry
Interactive Architecture
Kinetics
Modular Robotic
Robotic
Complex Geometry
Digital Craft
Expanding Traditional Tools
Design Guidelines
Multi-Display Environments
Spatial Cognition
3D Interface
HCI
Interactive Chair
Virtual Environment
Collaborative Virtual Environment
CryENGINE
Game Engine
Interactive Communication
Visualization
Digital
GIS
Planning
Urban Morphology
Zhubei
Zoning
Geographic Information System
Planning of Urban Open Space
Spread of Population Data
Urban Disaster Prevention
Urban Open Space
Geometry of Joints
Kinematic Architecture
Moveable Polyhedral Model
Parametric Design
Performative Architecture
Behavior
Multi-Agent
Simulation
Spatial Analysis
Architecture
Computer
Game
Ruby
Sketchup
Computer-Mediated Design Collaboration
Design
Design Ontology
Protocol Analysis
Calligraphy
Chinese Art Aesthetics
Computer Aided Design
Computer Aided Manufacturing Media
Digital Design Process
Geo-Spatial Information
Urban Information Classification
Urban Map
Utilization
Visualization
Architecture
Embodied Interaction
Human Computer Interaction
Interactive Space
Virtual Space
Building Performance
Coupled Building System
Generative Algorithm
Multiple Building Disciplines
Optimizaiton Techniques
Simulation Techniques
Augmented Reality
Tangible Augmented Reality
Tangible User Interface
Computer Aided Conceptual Design: Free-Hand Sketches
Design Prototype
Protocol Analysis
Aesthetics
Algorithm
Animation
Computation
Scripting
Architecture
Computation
Design
Intelligence
Building Information Modeling
Design Process
Interdisciplinary
Methodology
Sustainability
Ubicomp
Decorative Patterns
Generative Design Systems
Shape Grammar
Shlishi
Vine
Culture
Hierarchical Decomposition
Korean Traditional Patterns
Memes
Shape Grammar
Computational Analysis
Design Analysis
Visual Complexity
Design Generation
Design Space
Emergence
Islamic Geometric Pattern
Design Analysis
Design Computation
Design Knowledge
Design Process
3D Modeling
Urban Context
Virtual Reconstruction
Visual Representation
Architectural Heritage
Computer Aided Architectural Design Education
Information Packaging
Online Presentation
Design Methods
Digital Design
Digital Heritage
Digital Reconstruction
Memories Conservation
Digital Heritage
End User
Heritage Interpretation
3D Virtual Worlds
Multiuser Online Virtual Environment
Place-Making
Second Life
Direct Manipulation
End-User Programming
Scripting
Visual Programming
Cellular Automata
Generative Design Systems
Genetic Algorithm
L-System
Shape Grammar
Computational
Practice
Research
Teaching
Tower
Typology
Case Based Design
Case Library
Implicit Knowledge
Knowledge Representation
Spatial Topology
Design
Generative
Interface
Parametric
System
Multi-Agent Simulation
Netlogo
Residential Planning
Sunshine Duration
Sunshine Spacing
Agent Based Modeling
Bubble Diagram
Layout Planning
Building Volume Design
Constraint Based Design
Decision Support
Design Optimization
Life Cycle Costs
Data Visualization
Design Education
Design Process
Design Stages
Tutorials
Blog
Design Education
Learning and Teaching
Learning Management Systems
Web 2.0
Collaboration
Consultancy
Design Skills
Interprofessional
Virtual Design Studio
Design Education
Design Theory
Digital Design Representation
Dubai
Fabrication
Model
Rhinoceros
Twisted Towers
Digital Design
Rapid Prototyping
Student Perceptions
Architecture
Design
Kinematics
Mechatronics
Robotic
Design Behaviour
Design Ontology
Protocol Analysis
Quantitative Methods
Virtual Workspaces
Design Support
Evolutionary Computation
Generative Modeling
Heuristics
Parametric Modeling
Baseline Model
Building Information Modeling
Evidence Based Design
Healthcare
Prototype
Digital Fabrication
Digital Technologies
Load Bearing Construction
Parametric Representations
Variable System
Decision Support
Design Process
Energy Simulation
Information Dependencies
Performance Based Design
Informatics
Processing
Ubicomp
Urban
Visualization
Diagrams
Parametric
Systems Thinking
Urbanism
3D City Modeling
Collaboration
Management
Virtual Reality
Visualization
Airflow
Computational Fluid Dynamics
High Density
Sustainability
Urban Design
Design Production
Graph-Like Knowledge
Linking Ideas
Protocol Analysis
Puzzle-Making
Convergent Thinking
Design Narrative
Idea Map
Storytelling
Architectural Representation
Game Engine
Real-Time
Visualization
Design Representations
Mixed Reality
Algorithmic Modeling
Developing Countries
Optimization of Design
Parametric Design
Post-Disaster
Children
Drawing
Inquiry
Pedagogic Platform
Virtual / Real
Digitised Rooms
Space Sensing
Tracking System
Virtual Environment
Mass Customization
Open Source Standards
Parametric Design
Sustainability
Urban Dwellings
Augmented Reality
Information Architecture
Media Facade
Multidisciplinary Design
Outdoor Digital Media
Urban Design
Human Computer Interaction
Interactive Space
Spiritual Ambiance
Ubiquitous Computing
Architectural Design
Collaborative Practice
Performative Place
Urban Design
Virtual Environment
Interactive Message Wall
Public Display
Second Life
Ubiquitous Computing
Virtual Worlds
Depth Perception
High Dynamic Range Imagery
Lighting Simulation
Physically Based Rendering
Pictorial Cue
Augmented Reality
Building Information Modeling
Design Collaboration
3D Computer Aided Design
Design by Non-Specialists
Participatory Planning
Urban Renewal Design
Virtual Reality
Form Fostering
Mixed Reality
Parametric Modeling
Physical Interaction
Responsive Architecture
Responsive Form
Interactive Design Tools
Material Simulation
Biodegradable
Digital Fabrication
Finite Element
Lightweight Structures
Vacuum Forming
Computation Workflow
Fabrication Criteria
Rationalisation
Digital and Classic Tectonics
Digital Media
Spatial Form
Control
Novelty
Predictability
Surprise
Technique
Algorithm
Interactivity
Intuition
Probability Fi Eld
Prototype
Quantum Design Paradigm
Actor Network Theory
Collaboration
Open Design Process
Software Framework
Digital Fabrication
Sustainable Design
Folding
Knot
Weaving
Decision Making
Design Automation
Extensibility
Knowledge Based Design
Performance
End-User Programming
Logic Programming
Parametric Modeling
Practice Based Research
Design Model
Design Process
Evaluation
Parametric Design
Synthesis
Computational Landscape Design
Optimization
Parameter
Sensor Network System
Tools Customization
Building Information Modeling
Digital Catalogue
Korean Joinery System
Academic Workshop
Computational Design
Design-Build
Digital Fabrication
Tea House
Cultural Hint
Design Intention
Ice-Ray
Lowest Level Constituent
Shape Grammar
3D Printing
Manufacturing Process
Mould Making
Parametric Modeling
Plastic Casting
Computer Aided Design
Design Exploration
Design Generation
Eye-Tracking
Shape Interpretation
Affordability
Low-Tech
Performative Design
Responsive Design
Evolve
Genetic Algorithm
Multi-Agent
Sunlight
Terrain Context
Computer Aided Design Systems
Graph Visualization
Node-Link Diagrams
Visual Interaction
Visual Interface
Elastic
Responsive
Soft
Transformable
Education
Parametric Design
Physical Interaction
Responsive Architecture
Analysis
Design
Fabrication
Materiality
Performance
Biomimicry
Branching Structures
Lindenmayer Systems
Parametric Modeling
Collaborative Virtual Environment
Informal Interaction
Shared Space
Augmented Reality
Context Immersion
Mixed Reality
Mobile Computing
Ubiquitous Computing
Augmented Reality
Cybrids
Global Positioning System
Interactive Modeler
Locative Design
Mixed Reality
Visualization
Computer Game
Photogrammetry
Point Cloud
Real-Time
Visualization
Environmental Sensor
Pedestrian Movement
Public and Private
Space Syntax
Biofeedback
Empathy Theory
Sensors
Virtual Worlds
3D Virtual Worlds
Opensimulator
Performance Evaluation
Virtual Design Studio
Augmented Reality
Differential Global Positioning System
Geographic Information System
Optical See-Through HMD
Stereovision
Collaborative Ideation Loop
Design Studio
Hybrid Approach
Hybrid Ideation Space
Telepresence
Individual
Intelligible
Interaction
Flow
Hybrid Ideation Space
Immersive
Mental Workload
User Experience
Adaptive
Building Information
Interaction
Interface
Participatory
Interactive Message Wall
Public Display
Second Life
Social Interaction
Virtual Environment
3D Laser Scanner
Physical Space
Point Cloud
Polygon Optimization
Virtual Reality
Media Facade
Public Transport
Responsive Technologies
Smart Environment
Urban Informatics
Computer Aided Design
Expanded Ecology
Human Aided Design
Prosthesis
Second Order Prosthesis
Algorithmic Design
Smart Material
Surface Modeling
Tangible User Interface
Architectural Creativity
Context-Aware Computing
Cyberspace
Locative Media
Ubiquitous Computing
Collaboration
Context Awareness
Ubiquitous Computing
Ubiquitous Office
Work Service Model
Education
Landscape Architecture
Landscape Design
Ontology
Pattern Language
Roberto Burle Marx
Computer Aided Design
Customisation Toolkits
Design Protocol Study
FBS Coding
Mass Customization
Co-Design
Conceptual Design
Decision Support
Requirements
Software
Conceptual Design
Diagrams
Space Configuration
Assessment Method
Design Tools
Human Computer Interaction
Ideation
Agent System
MOOP
Residential Quarter Planning
Urban Design
Computational Modeling
Design Cognition
Interpretation
Visual Association
Array
CCTV
Discrepancy
Virtual
Webcam
Architectural Space Environment
Computational Method
Quality Mapping
Subdivided Enclose Space
Analysis System
Behaviour Monitoring
Office
Personal Workspace
Territory
Computational Analysis
Fractal Analysis
Digital Model
Forensic Analysis
Scenario Building
Virtual Reconstruction
Assemblies
Evolution
Morphogenesis
Performative
Analysis
Energy
Integration
Parametric
Performance
Case Based Design
Case Library
Data Mining
Knowledge Representation
Spatial Topology
Hybrid Design
Innovation Assessment
Shape Grammar
Agent Interaction
Analysis
Pedestrian Behaviour
Design Culture
Education
Parametric Design
Studio
Architectural Education
Creativity
Digital Architecture Design
Digital Fabrication
Performance Based Design
Process Based Designing
PBL
Problem Based Learning
Social Learning
Social Networks
VDS
Web 2.0
Daylight Simulation
Design Analysis
Education
Digital Architecture Curriculum
Digital Design Education
Impact Analysis
Students’ Learning
Blueprint
Computer Aided Architectural Design Philosophy
General
Particular
Constructive Interpretation
Floor Plan
Push-Pull
Reinterpretation
Situation
Computational Design Concepts
Logic
Meaning
Technology
Space Information Model
Space Information Property
Space Information Scale
Displacement
Graph-Like Knowledge
Linking Ideas
Metaphor
Protocol Analysis
Cooccurrence Networks Analysis
Design Collaboration
Face-to-Face Meeting
Room Ware
Semi-Public Discussion Media
Collective Intelligence
Design Communication
Design Process
Protocol Analysis
Collective Intelligence
Cyberworlds
Design
Motivation
Data Analysis
Design for Children
Drawing Processing
Perception and Representation of Environment
Spatial Network
3D Modeling
Building Information Modeling
Computer Aided Architectural Design
Information Database
Virtual Architecture
Building Information Modeling
Building Information Modeling
Domain-Specific Language
Lighting
Parametric Modeling
Spatial Planning
Manga
Multidimensional Scaling
Non-Photorealistic Rendering
Sketching
Storytelling
Bi-Objective Optimization
Interactive Genetic Algorithm
Structural Form
Subjective Evaluation
Daylight
Design Support
Early Design Phase
Energy
Intents
Architectural Depiction
Digital Manga
Virtual Environment
Visual Communication
Building Blocks
Component
Generative
Strategy
Computation
Geometry
Optimization
Rationalisation
Building Renovation
Open Building
Smart Home
Support System
Architectural Education
Architectural Theory
Critical Pedagogy
Digital Architecture Design
Building Construction
Cross-Laminated Timber
Joint System
Computational Algorithmic Design
Digital Fabrication Technology
Free-Form Optimization
Compositional Logic
Design Representations
Diagrams
Knowledge Accretion
Reflective Thinking
Multi-Agent System
Rule Based Systems
Shape Grammar
Animation
Architecture
Camera
Film
Representation
Design Rules
Housing Grammar
Shape Grammar
Complex System
Haneda Airport
Parametric Urban Design
Urban Form Generation
Animation
Architectural Film
Concepts of Architectural Space
Design Learning
Opensimulator
Virtual Worlds
Visual Training
Fabrication
Free-Form Architecture
Parametric Design
Quadrilateral Meshes
Software Development
Computer Aided Manufacturing
Industrial Robots
Interface
Physical Computing
Rapid Prototyping
Bio-Inspired Design
Bio-Mimicry
Computational Design
Responsive Architecture
Sustainable Facade Design
Geographic Information System
Google Earth Plugin
Urban Design
Visual Basic .Net
Automation
Database
Rhinoceros
Scripting
Structural
Building Envelope
Conceptual Stages of Design Evolutionary Algorithm
Multi-Criteria Optimization
Parametric Design
Performance-Oriented Architecture
Phyllotaxis
Real-Time Responsive Structures
Voronoi Diagram
Cloud Based Systems
Design Process
Interoperability 
Simulation Integration
Visual Dataflow Modeling
Dynamic Approach
Integrated Parametric Design
Performance-Oriented House Envelope Design
Architectural Model
Design Process
Digital Fabrication
Design Process
Dynamic Graph
Information Visualization
State Space Search
Elasticity
Formchanging Materials
Kinetic Skin
Media Facade
Responsive Architecture
3D Scanning
Computer Numerical Control
Milling
Computer Aided Design
Computer Aided Manufacturing
Metal Fabrication
Communication
Environment
Interaction
Performative
Responsive
Architectural Education
Building Information Modeling
Education Information
Information Exchange
Visualization
Design Education
Problem Based Learning
SNVDS
Social Intelligence
Social Learning
VDS
Array
CCTV
Facade
Imaging
Pixels
Sensors
Design Innovation
Digital Architecture Design
Digital Fabrication
Local Expertise
Optioneering
Parametric Geometry
Description Scheme
Design Grammars
Generative Design
Product Design
Type
Building Information Modeling
Industry Foundation Classes
Interoperability 
Computer Simulation
Finite Element Analysis
Interactive Software
Component Reusability
Computer Aided Design
Home Remodelling
Modular House
User Participation
Building Information Modeling
Industry Foundation Classes
Integrative Design
Material Efficiency Design
Design Conversing
Situated Computing
Situatedness
Situation
Computational Instruction
Material Constraints
Parametrics
Studio Pedagogy
3D Game Design
Open Source
Virtual Reality
Geometric Systems
Material Constraints
Parametrics
Architectural Design Education
Architectural Spatial Ability
Creativity
Spatial Ability
Studio Performance
Building Information Modeling
Generative Modeling
Parametric Modeling
Navigation
Perception
Virtual Reality
XBOX Kinect
3D Graphics
Building Information Modeling
Real-Time Rendering
Computational Modeling
Design Association
Design Interpretation
Ornamental Design
Architecture
Design Fabrication
Industrial Design
Industry Collaboration
Material Investigation
Assembly Systems
Computer Numerical Control
Computer Aided Design
Computer Aided Manufacturing
Cultural Sustainability
Global Manufacturing
Design Rationale
Digital Tools-Making
Free-Form Surface
Parametric Design
Planar Discretisation
House Information
Multi-Touch
Navigation
User Interface
Bending
Geometry
Optimization
Parametric Design
Simulation
Digital Fabrication
Generative Design
Parametric Modeling
Prototype
Tectonics
Evolutionary Algorithm
Multi-Disciplinary Design Optimization
Parametric Design
Performative Design Process
Design Decision Support
Domain Integration
Genetic Algorithm
Multi Domain Optimization
Parametric Design
Computational Design
Dynamic Relaxation
Form-Finding
Reticulated Frame
Robotic Fabrication
Building Information Databases
Sustainable Assessment
Facade Rationalisation
Hexagonal Tiling
K-Means Clustering
Parametric Design
Sphere Packing
Abstraction
Design
Diagrams
Parametric
Urbanism
Cloud Computing
Communication
Distributed
Spatial Design
Synchronised Environment
Virtual Reality
Augmented Reality
Geometric Consistency
Global Positioning System
Landscape Assessment
Mobile Device
Cloud
Distributed
Dynamic Skin
Multi-Agent
Chaos
Complexity
Parametrics
Design
Objectivity
Subjectivity
System Boundaries
Moveable Facade Component
Parametric Modeling
Responsive Envelopes
Stochastic Rotation
Tiling Geometry
Cybernetics
Interactive Facade
Media Facade
Nontrivial Machine
Public Space
Full-Scale Model
Iterative Design Process
Prototype
Prototypical Architecture
Digital Conceptual Thinking
Digital Design Pedagogy
Design Representations
Design Theory
Visualization
Computer Aided Architectural Design
Digital Fabrication and Construction
Education
Parametric Modeling
Practice Based and Interdisciplinary Computer Aided Architectural Design
Computer Aided Architectural Design
Education  
Generative Design
Methodology of Computer Aided Architectural Design
Parametric Modeling
Building Performance Modeling
Daylight Simulation
Design Representations
Physical Data Model
Rapid Prototyping
3D Modeling
Fieldwork Tools
Mapping
Design Decision Support
Generative
Optimization
Parametric
Architecture
Computational Design
Design Methods
Hochschule Für Gestaltung Ulm
Information Aesthetics
Scientific Methodology
Computational Design
Digital Manufacturing
Education
Geometry
Symmetry
3D Scanning
Digital Conservation
Rapid Prototyping
Architectural Topology
Case Based Design
Case Library
Semantic Ontology
Visual Language
Design Simulation  
Generative Design
Real-Time Computation
Sensing Space
Adjacency
Bell Kite
Interlocking
Modular
Topology
Designers’ Behaviour
Geometry Modeling Environments
Parametric Design Environment
Pilot Study
Protocol Analysis
Built Environment Modeling
Density
Surveying 
Urban Design
Urban Intensity
Colonial Intelligence
Human Machine Interaction
Multisensory Installation
Physical Computing
Spatial Sensing
Human Computer Interface
Interactive Architecture
Sensor Technology
Smart Environment
Spatial Design
Erformance Architecture
Machine Learning
Unsupervised Learning
3D Equilibrium
Form-Finding Method
Graphic Statics
Computational Fluid Dynamics
Conceptual Design
Simulation
Visualization
Augmented Reality
Study of Activity 
Virtual Reality
Creativity
Esign Strategy
Parametric Design
Protocol Analysis
Experience
Responsive Facade
Weather Effects
Collaborative Design
Competition
Virtual Environment
Computational Creativity
Esign Creativity
Ideation
Architectural Model
Creative Computational Design
High Rise Design
Robotic Fabrication
Software Tools
Dynamic
Ensegrity
Generative Algorithm
Non-Linear System
Reconfigurable Structures
Building Information Modeling
Navigation
Orientation
Spatial Comprehension
Architectural Cue
Bounded Rationality
Machine Learning
Vacuation
Building Information Modeling
Industry Foundation Classes
Material Efficient Building Design
Parametric Design
Semantic Design
City Modeling
Computational Design
Evolutionary Design
Generative
Tooling
Urban Metabolism
Igital Visualization
Patterns of Occupation
Social Spaces 
Casting Techniques
Complex Concrete Structures
Digital Fabrication
Formwork
Slipforming
Smart Dynamic Casting
Fear of Crime
Natural Surveillance
Typology
Visibility Analysis
Digital Fabrication and Construction
Fabrication
Integrated Design
Mass Customization
Miguel Fisac Bones System
Parametric Design
Crowdsourcing
Interactive Architectural System
Interoperability 
Omputational Geometry
Programming Environment
Scripting
Augmented Reality
Computer Vision
Generative Design
Interaction Design
Parametric Design
Precedent
Spatial Analysis
Acoustics
Creativity
Generative Design
Simulation Based Design
Geographic Information System
Knowledge Based Industry
Space Syntax
Spatial Analysis
Third Place
Architectural Curriculum
Social Learning
Social Networks
Adaptive Facade
Evolutionary Design
Genetic Algorithm
Performance Simulation
Aylight Design
Climatic Envelope
Configurations of Buildings
Design Rules
Design Synthesis
Urban Scape
Visual Comfort
Evolutionary Design
Integrated Design Process
Low Exergy Design
Parametric Design
Performance-Driven Design
Architectural Depiction
Digital Manga
Storytelling
Visual Communication
Building Information Modeling
Building Information Modeling
Construction Assemblage
Parametric Construction Details
Ornament
Passura
Shape Grammar
Toraja
Judgment
Spatial Perception
Urban Planning
Virtual Reality
Volume Study
Collaborative Design
Design Support Tools
Extended Cognition
Interactive Media
Role-Playing
Annotation
Cloud Computing
Discussion Board
Distributed Synchronization
Spatial Design
Physical Model
Questionnaire
Scale Perception
Spatial Reasoning Capacity
Virtual Reality
Association
Experiential Learning
Omputational Design
Acoustic Simulation
Collaborative Design
Digital Workflow
Prototype
Building Information Modeling
Design Collaboration
Pro-Forma
Value Simulation
Design
Digital Fabrication
Grammar Evaluation
Lberti
Shape Grammar
Transformation
Building User Interaction
Event Model
Game Narrative
Human Behaviour Simulation
Prediction and Evaluation
Boundary-Driven Analysis
Free-Form Surface
Surface Tessellation  
Dynamic Point Cloud
Interface
Quokka
Re-Constructing Surfaces
Real-Time Design
Real-Time Feedback
3D Printing
Design Creativity
Laser scanning
Tempera
Eco-Machine
Interactive Architecture
Sustainable Environment
Dynamic Environments
Embedded Systems
Esponsive Architecture
Kinetic Material Systems
Mechatronics
Shape Memory Alloy
Craft
Digital Physical
Non-Industrial Material
Reticulated Shell
Weaving
Design Analysis
Design Refinement
Integration
Optimization
3D Modeling
Digital Fabrication
In-Situ Concrete
Peter Cook
Rhinoceros
City Modeling
Computational Design Methodology
Parametric Design
Quadrilateral Folding Pattern
Rigid and Curved Folding
Active Layer
Battery Management System
Building Information Modeling
Interface
Participation
Sensors
Multi-Objective Optimization
Semi-Transparent Building Integrated Photovoltaic
Collaborative Design
Group Form
Processing
User Participation
Web Based Tools
Conceptual Design
Parametric Design
Performance Analysis
Computational Embryogeny
Decoding
Encoding
Evolutionary
Multi-Criteria Optimization
Computer Aided Design
Computer Aided Manufacturing
Flexible Modeling
Integrated Practice
Parametric Modeling
Utomated Design To Fabrication Workflow
Building Performance Evaluation
Energy Modeling
Energy Usage
Post Occupancy Evaluation
User Behavior
Axial Line Analysis
Decision Chain Encoding
Evolutionary Algorithm
Generative Modeling
Urban Street Patterns
Mean Radiant Temperature
Solweig
Street Orientation
Street Zone
Thermal Comfort
Design Optimization
Developmental
Generative
Volutionary
Agent Based Systems
Cellular Automata
Geographic Information System
Hybrid Automata
Informal Settlements
Adaptable Design
Generative Design
Robotic Fabrication
Building Information Modeling
Object-Oriented Programming
Parametric Modeling
Urban Design Codes
Analogue Computing
Craft
Design Methods
Extiles
Form-Finding
Communication
Community
Digital Media
Diversity
Ways of Living
Autonomous Agent
Computational Fluid Dynamics Simulation 
Electroactive Polymers
Homeostatic Cycle
Responsive System
City Information Modeling
Data Mining
Feature Recognition
Geometric Content Based Search
Urban Typologies
Digital Fabrication and Construction
Mass Customization
Precedence and Prototypes
Architecture
Design
Digital
Facade
Image Processing
Kinetic
LED
Media
Algorithm
Calculation
Computation
Design
Drawing
Sketch
Studio
Visual
Analysis
Construction Alternative
Fabrication
Fit
Form
Modularity
Offsite Production
Waste Management
Digital Fabrication and Construction
Generative
Parametric
Simulation
Acoustic Simulation
Curved Surfaces
Parametric Design
Sound Concentration
Structural Engineering
Generative
Procedural
Shape Grammar
Subdivision
Formwork
Non-Standard Structures
Robotic Fabrication
Auxetic
Fabrication
Kinetic
Pneumatic
Simulation
Adaptive
Biomolecular Computations
Self-Assembly
Spatial
Full-Scale Prototyping
Interactive Architecture
Microelectronic
Public Space
Textiles
Media Facade
Non-Euclidian Space
Responsive Architecture
Ruled Surfaces
Algorithmic Design
Combinatorial Rigidity
Panel-Hinge Framework
Panel-Hinge Graph
Architectural Prototype
Computational Fluid Dynamics
Urban Aerodynamics
Wind Tunnel Simulation
Windbreak
Flow Map
Geographic Information System
Spatial Network Analysis
Transportation Data
Visual Analysis
Co-Design
Ideation
Immersive
Representation
Studio
Diversity
Enumeration
Floor Plan
Open Building
ZDD
Data Analysis
Data Visualization
Integrated Design Environment
Multi-Modal Data Collection
Public Space
3D Scanning
Earthquakes
Heritage Intervention
Replica
Tarapacá
Collective Design
Representation
Semiotics
Human Computer Interface
Spatial 3D Visualization
Spatial Design
Urban Interaction Design
Wireless Sensor Technology
Adaptive Architecture
Physical Computing
Responsive Material Systems
ArchiCAD EcoDesigner
Building Energy Modeling
Building Information Modeling
Energy Rating
FirstRate 5
Computational Analysis
Isovist
Virtual Reality
Visual Space
Walk-Through
Digital Fabrication
Dynamic-Mesh Relaxation
Form-Finding
Geometric Rationalisation
Pattern
Computational Fluid Dynamics Simulation 
Urban Aerodynamics
Wind Discomfort
Biomimicry
Design-Build
Pedagogy
Simulation
Binocular Disparity
Depth Perception
High Dynamic Range Imagery
Luminance Contrast
Stereo Display
Academic Curriculum
Building Information Modeling
Epistemology
Parametric Design
Practice
Teaching
Architectural Design
Creativity
Design Studio
Virtual Reality
Architecture
Design Education
History of Art
Mobile Learning
Form-Finding
Material Computation
Responsive Material Systems
Late Modernism
Parametric Architecture
Pattern
Performative Drawing
Simulation
Computational Creativity
Evolutionary Creativity
Robots
CGA
Geodesign
Public Housing
Urban Structures
Multi-Agent System
Pedestrian Simulation
Performance Oriented Generative Design
Projection
Space Syntax
Artificial Life
Generative Design
Space Planning
Computational Design
Digital Manufacturing
Fractal Geometry
Multi-Objective Evolutionary Algorithm
Transportation Network
Urban Density
Urban Structures
Architectural Epistemology
Parasitical Architecture
Abstract Geometry
Generative Design
Higher-Order Programs
Agent Based Modeling
Generative Design
Object Oriented Design
Unplanned Settlements
3D Sketching
Design Tools
Early Design Stages
HCI
Urban Design
Arduino
Decentralised Control
Interactive
Kinetic Cladding Components
Responsiveness
Coastal Infrastructure
Computational Fluid Dynamics
Curvilinear Surfaces
Habitat Engineering
Performance Design Theory
Digital Fabrication
Generative Design
Glass
Traditional Craft
Generative Design
Middle-East
Parametric Modeling
Regionalism
Splines
Form-Finding
Frei Otto
Generative Design
Parametric Urbanism
Big Data
City Analysis
Compact City
Geographic Information System
Craft
Digital Design
Fabrication
Gothic
William Morris
Computation
Goethe
Morphogenesis
Pulse
3D Printing
Boolean Operations
Computer Aided Design
Solid Modeller
Brand Cluster
Brand Identity
Design Trends
Style Analysis
China
Concrete
Cost Evaluation
Generative Design
Local Materialisation
Structural Design
Concrete Formwork
Differentiation
Robotic Fabrication
Spatial Extrusion
Collaborative Design
Digital Fabrication
Digital Formfinding
Digital Workflow
Design Studio
Pedagogy
Representational Media
Gravity Model
Green Space
Regular Grids
Space Partitioning
Voronoi Algorithm
Building Information Modeling
Concrete Usage Index
CUI
Green Mark
Sustainable Design
Gamification
Hybrid Model of Interaction
Infinite Computing
Information Aesthetics
Narrative Visualisation
Geometric Investigation
Timber Construction
Universal Joint
3D Modeling
Digital Fabrication
Grasshopper
Rhinoceros
Tessellation
Design Process
Human Behavior
Robots
Scan
Design Technology
Feedback
Immersive Virtual Environment
Prototype
Virtual Reality
Design Computation
Education
Architecture
Prototype
Technics
Tools
Tools-Making
Complexity
Design Process
Digital Fabrication
Parametric Design
Convex Voids
Open Space
Solid Voids
User Guided Feature Recognition
Design Tools
Idea Linking
Mobile
On Site
Computational Design
Lightweight Structures
Robotic Fabrication
Visual Programming
Complex Geometry
Design Tools
Discrete Growth Model
Form Generation
Form Growth
Geometry System
Evolutionary Design
Evolutionary Performance
Genotype Fitness Mapping
Locality
Parametric Urbanism
Quadrilateral Mesh Generation
Street Networks
Urban Optioneering
Bending-Active Structures
Digital Fabrication
Form-Finding
Geodesics
Grid Shell
Wood
Campus Planning
Design Rules
Driving Force
Future Scenarios
Parametric Modeling
Folded Surfaces
Interactive Architecture
Kinetic Systems
Origami Geometry
Biometrics Sensing
Computational Design
Electrodermal Activity
Human Computer Interaction
Space Perception
Virtual Reality
Colour
Digital Design
Goethe
Pedagogy
Art
Escher
Rule Based Design
Rules as Template
Shape
Shape Grammar
Parametric Design
Parametric Modeling
Parametric Variations
Parametric Visualization
Computational Design
Grasshopper
Parametric Design
Social Media
Urban Analysis
Brick
Ceramics
Digital Tools
Fabrication
Tectonics
Vernacular Technology
Additive Manufacturing
Cloud Manufacturing
Collaborative Design
Open Source Design
Peer-To-Peer Production
Computational Design Education
Computer Science Education Research
Empirical Research
Programming
Decision Making
Dynamic Building Envelopes
Immersive Simulation
Interactive Environment
Participatory Design
Collaboration
Collaboration Support Tools
Design
Distributed Cognition
Mobile Computing
3D Modeling
Facade Reconstruction
Game
Visualization
Data Visualization
Social Network Analysis
Tools Development
Computational Thinking
Digital Craft
Ethics
Helicoid
Oblique
Surface
Tessellation
Urban
Cloud Computing
Collaborative Design
Communication Process in Spatial Design
Distributed Synchronization
Virtual Environment
Computational Design Education
Computer Aided Design
Computer Aided Manufacturing
Design Aides
Digital Fabrication
Generative Design
Building Performance Simulation
Generative Design
Optimization
Parametric Design
2D
3D
Building Information Modeling
Planning
Visualization
Environmental Design
Genetic Algorithm
Optimization
Urban Morphology
Urban Simulation
Architectural Education
Digital Design
Fabrication
Agent Modeling
Designer-User Interaction
Innovation
Multi-Agent System
Simulation
Situated Computing
Design Cognition
Parametric Modeling
Protocol Studies
