source,target
caadria2005_a_1a_a,Pojchara Jatupoj
caadria2005_a_1a_b,B. Senyapili
caadria2005_a_1a_b,I. Basa
caadria2005_a_1a_c,Soo-Hoon Park
caadria2005_a_1a_d,Seung Yeon Choo
caadria2005_a_1a_d,Stefan Hoff
caadria2005_a_1a_d,Rye-Hwa Jung
caadria2005_a_1a_e,Chor-Kheng Lim
caadria2005_a_1a_e,Yu-Tung Liu
caadria2005_a_1b_a,Rabee M. Reffat
caadria2005_a_1b_b,Chien-Hung Shih
caadria2005_a_1b_c,Ju-Hung Lan
caadria2005_a_1b_c,Mao-Lin Chiu
caadria2005_a_1b_d,M. Bouattour
caadria2005_a_1b_d,Gilles Halin
caadria2005_a_1b_d,Jean-Claude Bignon
caadria2005_a_1b_d,P. Triboulot
caadria2005_a_1b_e,Steve Kuan
caadria2005_a_1b_e,Thomas Kvan
caadria2005_a_2a_a,Ih-Cheng Lai
caadria2005_a_2a_a,Kun-Tai Kao
caadria2005_a_2a_a,Teng-Wen Chang
caadria2005_a_2a_b,Chieh-Jen Lin
caadria2005_a_2a_c,Yasunobu Onishi
caadria2005_a_2a_c,Homma Riken
caadria2005_a_2a_c,Yuji Murakami
caadria2005_a_2a_c,Mitsuo Morozumi
caadria2005_a_2a_d,Thomas Kvan
caadria2005_a_2a_d,Weidong Li
caadria2005_a_2b_a,Janice Affleck
caadria2005_a_2b_a,Thomas Kvan
caadria2005_a_2b_b,Sooyeon Oh
caadria2005_a_2b_b,Rieko Kadobayashi
caadria2005_a_2b_b,Tsuyoshi Sasada
caadria2005_a_2b_b,Katsumi Tanaka
caadria2005_a_2b_c,Chiu-Shui Chan
caadria2005_a_2b_c,Chien-Hui Weng
caadria2005_a_2b_d,Yeo Wookhyun
caadria2005_a_2b_d,Yuda Yasuyuki
caadria2005_a_2b_d,Tomohiro Fukuda
caadria2005_a_2b_d,Atsuko Kaga
caadria2005_a_2b_d,Tsuyoshi Sasada
caadria2005_a_2c_a,Andrea Redi
caadria2005_a_2c_a,Ivan Redi
caadria2005_a_2c_b,Geeta Arjun
caadria2005_a_2c_d,Ih-Cheng Lai
caadria2005_a_2c_f,Somen Chakraborty
caadria2005_a_2c_f,Uttam Kumar Banerjee
caadria2005_a_7a_d,Chieh-Jen Lin
caadria2005_a_7a_d,Mao-Lin Chiu
caadria2005_a_7b_a,A.Q.M. Abdullah
caadria2005_a_7b_a,Md. Emran Hossain
caadria2005_a_7b_a,Md. Shabab Habib Khan
caadria2005_a_7b_b,Verdy Kwee
caadria2005_a_7b_b,Antony Radford
caadria2005_a_7b_b,Dean Bruton
caadria2005_a_7b_c,Chuang-Ting Chang
caadria2005_a_7b_d,Jane Burry
caadria2005_a_7b_d,Andrew L. Burrow
caadria2005_a_7b_d,Mark Burry
caadria2005_a_7c_a,Anandan Karunakaran
caadria2005_a_7c_b,Yen-Liang Wu
caadria2005_a_7c_b,Chor-Kheng Lim
caadria2005_a_7c_b,June-Hao Hou
caadria2005_a_7c_b,Yuan-Zone Lee
caadria2005_a_7c_b,Yu-Tung Liu
caadria2005_a_7c_c,Yukiko Nomura
caadria2005_a_7c_c,Tatsuya Kishimoto
caadria2005_a_7c_d,Jin-Yeu Tsou
caadria2005_a_7c_d,Jie He
caadria2005_a_7c_d,Yucai Xue
caadria2005_a_7c_e,Bechir Kenzari
caadria2005_a_7c_f,M.N.H. Siddique
caadria2005_a_7c_f,Qazi A. Mowla
caadria2005_a_7c_f,Mohammad A. Al Masum
caadria2005_a_7c_g,Stylianos Dritsas
caadria2005_a_7c_g,Sameer Kashyap
caadria2005_a_8a_a,Jixi Ai
caadria2005_a_8a_a,Shike Li
caadria2005_a_8a_a,Gebing Wei
caadria2005_a_8a_b,Riken Homma
caadria2005_a_8a_b,Kazuhisa Iki
caadria2005_a_8a_b,Ryouichi Ise
caadria2005_a_8a_c,Ruei-Wen Tsai
caadria2005_a_8a_c,Teng-Wen Chang
caadria2005_a_8b_a,Jia-Yih Chen
caadria2005_a_8b_a,Taysheng Jeng
caadria2005_a_8b_b,Wingly Shih
caadria2005_a_8b_c,Nimish Biloria
caadria2005_a_8b_c,K. Oosterhuis
caadria2005_a_8c_a,Jing-Ji Chang
caadria2005_a_8c_a,Teng-Wen Chang
caadria2005_a_8c_b,Alejandro Arismen Echeverri
caadria2005_a_8c_c,Jeff W.T. Kan
caadria2005_a_8c_c,John S. Gero
caadria2005_a_8c_d,Thomas Kvan
caadria2005_a_8c_d,Song Gao
caadria2005_a_8c_e,Uttiya Bhattacharya
caadria2005_b_3a_b,Yeo Wookhyun
caadria2005_b_3a_b,Motoi Toshio
caadria2005_b_3a_b,Tomohiro Fukuda
caadria2005_b_3a_b,Atsuko Kaga
caadria2005_b_3a_c,Kuhn Park
caadria2005_b_3a_c,Ramesh Krishnamurti
caadria2005_b_3a_d,Atsuko Kaga
caadria2005_b_3a_d,Yasuyuki Yuda
caadria2005_b_3a_d,Tomohiro Fukuda
caadria2005_b_3a_d,Sooyeon Oh
caadria2005_b_3b_a,Sotirios D. Kotsopoulos
caadria2005_b_3b_b,Jae Hwan Jung
caadria2005_b_3b_c,Hong-Sheng Chen
caadria2005_b_3b_c,Chi-Hua Li
caadria2005_b_3b_d,Paul Varghese
caadria2005_b_3b_d,Arif N. Merchant
caadria2005_b_3c_a,Christopher Lowry
caadria2005_b_3c_b,Yingdan Huang
caadria2005_b_3c_b,Ipek Ozkaya
caadria2005_b_3c_b,Ramesh Krishnamurti
caadria2005_b_3c_c,Jawaid Haider
caadria2005_b_3c_c,Theodor Wyeld
caadria2005_b_3c_c,Peter Scriver
caadria2005_b_3c_d,Jaeho Ryu
caadria2005_b_3c_d,Naoki Hashimoto
caadria2005_b_3c_d,Makoto Sato
caadria2005_b_3c_e,Yasushi Onohara
caadria2005_b_3c_e,Tatsuya Kishimoto
caadria2005_b_3c_f,Kai-Ming Yang
caadria2005_b_4a_a,Ravi S. Srinivasan
caadria2005_b_4a_a,Ali M. Malkawi
caadria2005_b_4a_b,Ruchi Choudhary
caadria2005_b_4a_b,Jeremy Michalek
caadria2005_b_4a_c,Halil I. Erhan
caadria2005_b_4a_c,Ulrich Flemming
caadria2005_b_4a_d,T. Thurow
caadria2005_b_4a_d,D. Donath
caadria2005_b_4b_a,Hsuan-Cheng Lin
caadria2005_b_4b_a,Yang-Ting Shen
caadria2005_b_4b_a,Taysheng Jeng
caadria2005_b_4b_b,Hartmut Seichter
caadria2005_b_4b_b,Marc Aurel Schnabel
caadria2005_b_4b_c,Tomohiro Fukuda
caadria2005_b_4b_c,Atsuko Kaga
caadria2005_b_4b_c,Ryuichiro Nagahama
caadria2005_b_4b_c,Nobuyuki Shibano
caadria2005_b_4b_c,Tsuyoshi Sasada
caadria2005_b_4b_c,Yu-Tung Liu
caadria2005_b_4b_d,Martin Tamke
caadria2005_b_4c_a,Yu-Chung Cheng
caadria2005_b_4c_a,Ji-Hyun Lee
caadria2005_b_4c_b,Ting-Yuan Chang
caadria2005_b_4c_c,Sumbul Ahmad
caadria2005_b_4c_c,Scott C. Chase
caadria2005_b_4c_d,Sambit Datta
caadria2005_b_4c_e,J. Jinu Louishidh Kitchley
caadria2005_b_4c_e,A. Srivathsan
caadria2005_b_4c_f,Pi-Yuan Tang
caadria2005_b_4c_f,Teng-Wen Chang
caadria2005_b_5a_a,Udo Kannengiesser
caadria2005_b_5a_a,John S. Gero
caadria2005_b_5a_b,De-Lun Huang
caadria2005_b_5a_b,Shen-Guan Shih
caadria2005_b_5a_c,Julie R. Jupp
caadria2005_b_5a_c,Ricardo Sosa
caadria2005_b_5a_c,John S. Gero
caadria2005_b_5b_a,Mao-Lin Chiu
caadria2005_b_5b_a,Ju-Hung Lan
caadria2005_b_5b_a,Kou-Wei Sun
caadria2005_b_5b_b,Dean Bruton
caadria2005_b_5b_b,Arus Kunkhet
caadria2005_b_5b_c,Andreas Voigt
caadria2005_b_5b_c,Helena Linzer
caadria2005_b_5b_d,Andre Brown
caadria2005_b_5b_d,Michael W. Knight
caadria2005_b_5b_d,Martin Winchester
caadria2005_b_5c_a,Surapong Lertsithichai
caadria2005_b_5c_b,Martin Tamke
caadria2005_b_5c_c,Ching-Hui Huang
caadria2005_b_5c_d,Yang-Ting Shen
caadria2005_b_5c_d,Tay-Sheng Teng
caadria2005_b_5c_e,Mi-Yun Kim
caadria2005_b_5c_e,Jin-Won Choi
caadria2005_b_5c_f,Jumphon Lertlakkhanakul
caadria2005_b_5c_f,Il Ju Lee
caadria2005_b_5c_f,Mi-Yun Kim
caadria2005_b_5c_f,Jin-Won Choi
caadria2005_b_5c_g,Hue-Ku Shih
caadria2005_b_6a_a,José R. Kós
caadria2005_b_6a_a,Tereza C. Malveir Araujo
caadria2005_b_6a_a,José S. Cabral Filho
caadria2005_b_6a_a,Eduardo Mascarenh Santos
caadria2005_b_6a_a,Marcelo Tramontano
caadria2005_b_6a_b,Kai-Tzu Lu
caadria2005_b_6a_b,Teng-Wen Chang
caadria2005_b_6a_c,Bige Tunçer
caadria2005_b_6a_c,Özer Ciftcioglu
caadria2005_b_6a_c,Sevil Sariyildiz
caadria2005_b_6a_c,Michael Cumming
caadria2005_b_6a_d,Ting-Han Chen
caadria2005_b_6a_d,Teng-Wen Chang
caadria2005_b_6b_c,Patrick Janssen
caadria2005_b_6b_c,John Hamilton Frazer
caadria2005_b_6b_c,Ming-Xi Tang
caadria2005_b_6b_d,Ganapathy Mahalingam
caadria2005_b_6c_a,Xiao Zhang
caadria2005_b_6c_c,Mauro Chiarella
caadria2005_b_6c_d,Rudi Stouffs
caadria2005_b_6c_d,Bige Tunçer
caadria2005_b_6c_d,Ernst Janssen Gro Kooistra
caadria2005_b_6c_d,Ellen Sjoer
caadria2005_b_6c_e,Julio Bermudez
caadria2005_b_6c_e,Albert C. Smith
caadria2005_b_6c_e,Seth Striefel
caadria2006_001,William J. Mitchell
caadria2006_007,Toyo Ito
caadria2006_019,Thomas Kvan
caadria2006_027,Mao-Lin Chiu
caadria2006_037,Rivka Oxman
caadria2006_047,A. Shai Yeshayahu
caadria2006_047,B. Maria Vera
caadria2006_053,Halil I. Erhan
caadria2006_063,Riken Homma
caadria2006_063,Mitsuo Morozumi
caadria2006_063,Kazuhisa Iki
caadria2006_063,Y. Deguchi
caadria2006_071,Yuji Matsumoto
caadria2006_071,Michitaka Kiriki
caadria2006_071,Ryusuke Naka
caadria2006_071,Shigeyuki Yamaguchi
caadria2006_081,Jörg Rügemer
caadria2006_091,Bauni Hamid
caadria2006_091,Yehuda E. Kalay
caadria2006_091,Yongwook Jeong
caadria2006_091,Emelie K.F. Cheng
caadria2006_101,Andrea Redi
caadria2006_101,Ivan Redi
caadria2006_111,David Harrison
caadria2006_111,Michael Donn
caadria2006_119,Mary Lou Maher
caadria2006_119,Mijeong Kim
caadria2006_125,Norihiro Kawasumi
caadria2006_125,Arisa Ooba
caadria2006_125,Yong Sun
caadria2006_133,Mary Lou Maher
caadria2006_133,Mike Rosenman
caadria2006_133,Kathryn Merrick
caadria2006_133,Owen Macindoe
caadria2006_133,David Marchant
caadria2006_143,Shiro Matsushima
caadria2006_151,Ih-Cheng Lai
caadria2006_161,Herm Hofmeyer
caadria2006_161,Jan G.M. Kerstens
caadria2006_169,Rabee M. Reffat
caadria2006_179,Keatruangkamala K.
caadria2006_179,Nilkaew P.
caadria2006_187,Chi-Hsin Liang
caadria2006_187,Teng-Wen Chang
caadria2006_197,Anandan Swathika
caadria2006_197,So-Yeon Yoon
caadria2006_197,M. Saleh Uddin
caadria2006_203,Joseph Chuen-Huei Huang
caadria2006_203,Robert J. Krawczyk
caadria2006_203,George Schipporiet
caadria2006_209,Marcel Botha
caadria2006_209,Lawrence D. Sass
caadria2006_217,Axel Kilian
caadria2006_227,Kenfield Griffith
caadria2006_227,Larry Sass
caadria2006_237,Nimish Biloria
caadria2006_237,K. Oosterhuis
caadria2006_237,C. Aalbers
caadria2006_245,Chor-Kheng Lim
caadria2006_253,Sergio Araya
caadria2006_261,Odilo Schoch
caadria2006_269,Matthias Haase
caadria2006_269,Alex Amato
caadria2006_277,Alexander Koutamanis
caadria2006_287,Yen-Chun Pan
caadria2006_287,Teng-Wen Chang
caadria2006_295,Chiung-Hui Chen
caadria2006_295,Mao-Lin Chiu
caadria2006_303,Yu-Chun Huang
caadria2006_313,Mao-Lin Chiu
caadria2006_313,Binsu Chiang
caadria2006_313,Guan-Cheng Lee
caadria2006_313,Hanyun Tseng
caadria2006_323,Shang-Yuan Chen
caadria2006_323,Mao-Lin Chiu
caadria2006_331,Mi-Yun Kim
caadria2006_331,Jin-Won Choi
caadria2006_341,Cheng-Ping Lai
caadria2006_341,Ju-Hung Lan
caadria2006_341,Mao-Lin Chiu
caadria2006_349,Peng-Hui Wan
caadria2006_349,D. Holstius
caadria2006_349,J. Kembel
caadria2006_349,A. Hurst
caadria2006_349,J. Forlizzi
caadria2006_355,Sooyeon Oh
caadria2006_355,Yutaka Kidawara
caadria2006_355,Katsumi Tanaka
caadria2006_355,Toshio Nagafune
caadria2006_363,Hsiao-Chen You
caadria2006_363,Shang-Chia Chiou
caadria2006_363,Yi-Shin Deng
caadria2006_371,So-Yeon Yoon
caadria2006_379,Wan-Ning Wu
caadria2006_379,Yen-Liang Wu
caadria2006_379,Ching-Chien Lin
caadria2006_379,June-Hao Hou
caadria2006_379,Hua-Lun Liang
caadria2006_379,Yu-Tung Liu
caadria2006_387,Wei Yan
caadria2006_397,Mohamed Alaa Mandour
caadria2006_405,José R. Kós
caadria2006_405,Jose Barki
caadria2006_413,Anand Bhatt
caadria2006_413,Bob Martens
caadria2006_425,Hong-Sheng Chen
caadria2006_425,Yu-Shu Chen
caadria2006_433,Ching-Hui Huang
caadria2006_433,Yu-Li Chang
caadria2006_433,Yu-Tung Liu
caadria2006_443,Michael W. Knight
caadria2006_443,Andre Brown
caadria2006_443,J.S. Smith
caadria2006_453,Yuichi Shimokawa
caadria2006_453,Ayako Fukushima
caadria2006_453,Tatsuo Masuta
caadria2006_453,Tomohiro Miyashita
caadria2006_453,Akihiko Tani
caadria2006_453,Shigehiko Sakao
caadria2006_453,Atsushi Sone
caadria2006_453,Mamoru Shiroki
caadria2006_453,Dai Kawahara
caadria2006_461,Jin-Yeu Tsou
caadria2006_461,Jie He
caadria2006_461,Yucai Xue
caadria2006_471,Y. Takase
caadria2006_471,K. Yano
caadria2006_471,T. Nakaya
caadria2006_471,Y. Isoda
caadria2006_471,T. Kawasumi
caadria2006_471,Dai Kawahara
caadria2006_471,S. Tanaka
caadria2006_471,M. Inoue
caadria2006_471,A. Tsukamoto
caadria2006_471,T. Kirimura
caadria2006_471,K. Matsuoka
caadria2006_471,N. Sho
caadria2006_471,Atsushi Sone
caadria2006_471,T. Hatanaka
caadria2006_471,K. Shimiya
caadria2006_471,M. Shiroki
caadria2006_471,T. Masumi
caadria2006_471,Norihiro Kawasumi
caadria2006_479,Ju-Hung Lan
caadria2006_479,Mao-Lin Chiu
caadria2006_487,Wingly Shih
caadria2006_487,Hua-Lun Liang
caadria2006_487,June-Hao Hou
caadria2006_487,Yu-Tung Liu
caadria2006_495,Reika Sato
caadria2006_495,Wookhyun Yeo
caadria2006_495,Atsuko Kaga
caadria2006_495,Mayumi Oyama-Higa
caadria2006_503,Atsuko Kaga
caadria2006_503,Atsushi Miyagawa
caadria2006_503,Masahiro Kawaguchi
caadria2006_503,Wookhyun Yeo
caadria2006_503,Tomohiro Fukuda
caadria2006_513,Bimal Balakrishnan
caadria2006_513,Loukas N. Kalisperis
caadria2006_513,Katsuhiko Muramoto
caadria2006_513,George H. Otto
caadria2006_521,O. Palmon
caadria2006_521,M. Sahar
caadria2006_521,L. P. Wiess
caadria2006_521,Rivka Oxman
caadria2006_529,Zuzanna Ufnalska
caadria2006_537,Yasunobu Onishi
caadria2006_537,Mitsuo Morozumi
caadria2006_537,Riken Homma
caadria2006_537,Yuji Murakami
caadria2006_541,Shun Watanabe
caadria2006_545,Dietrich Elger
caadria2006_545,Andreas Dieckmann
caadria2006_545,Peter Russell
caadria2006_545,Thomas Stachelhaus
caadria2006_549,Yuji Murakami
caadria2006_549,Mitsuo Morozumi
caadria2006_549,Riken Homma
caadria2006_549,Nobuyasu Onishi
caadria2006_553,Mary Lou Maher
caadria2006_553,Zafer Bilda
caadria2006_553,Leman Figen Gül
caadria2006_553,David Marchant
caadria2006_557,Preecha Manessatid
caadria2006_557,Peter J Szalapaj
caadria2006_561,Hong-Sheng Chen
caadria2006_561,Chan-Jui Liu
caadria2006_565,Chen Chien Tung
caadria2006_569,Teng-Wen Chang
caadria2006_569,Wei-Tsang Chang
caadria2006_573,Sheng-Kai Tang
caadria2006_573,Wen-Yen Tang
caadria2006_577,Chun-Cheng Chen
caadria2006_577,Teng-Wen Chang
caadria2006_581,Ching-Hui Huang
caadria2006_581,Kuo-Hsien Huang
caadria2006_585,Sotirios D. Kotsopoulos
caadria2006_589,Yu-Nan Yeh
caadria2006_593,Gui-Hyun Lee
caadria2006_593,Eun-Joo Sin
caadria2006_593,So-Young Kim
caadria2006_593,Sung–ho Woo
caadria2006_593,Soon-Bum Lim
caadria2006_597,Chor-Kheng Lim
caadria2006_597,Ching-Shun Tang
caadria2006_597,Wei-Yen Hsao
caadria2006_597,June-Hao Hou
caadria2006_597,Yu-Tung Liu
caadria2006_601,Binsu Chiang
caadria2006_601,Mao-Lin Chiu
caadria2006_605,Richard Dank
caadria2006_605,Andreas Gruber
caadria2006_609,Wookhyun Yeo
caadria2006_609,Tomohiro Fukuda
caadria2006_609,Atsuko Kaga
caadria2006_609,Sooyeon Oh
caadria2006_613,Jaeho Ryu
caadria2006_613,Naoki Hashimoto
caadria2006_613,Makoto Sato
caadria2006_613,Masashi Soeda
caadria2006_613,Ryuzo Ohno
caadria2006_617,Ching-Chien Lin
caadria2006_621,Yu-Lu Liu
caadria2006_625,Tomohiro Fukuda
caadria2006_625,Nobuaki Okamoto
caadria2006_625,Wookhyun Yeo
caadria2006_625,Atsuko Kaga
caadria2006_629,Michael A. Ambrose
caadria2006_633,Wan-Yu Liu
caadria2006_637,J. Jinu Louishidh Kitchley
caadria2006_641,Piyaboon Nilkaew
caadria2006_645,R. Ise
caadria2006_645,Riken Homma
caadria2006_645,Kazuhisa Iki
caadria2007_005,Neri Oxman
caadria2007_005,Jesse L. Rosenberg
caadria2007_013,Yuan-Bang Cheng
caadria2007_013,Teng-Wen Chang
caadria2007_021,Mao-Lin Chiu
caadria2007_021,Guan-Cheng Lee
caadria2007_029,Sherif Abdelmohsen
caadria2007_029,Ellen Yi-Luen Do
caadria2007_037,Worawut Wutthikornthanawat
caadria2007_037,Pinyo Jinuntuya
caadria2007_049,Vishal Singh
caadria2007_049,John S. Gero
caadria2007_057,Tahar Kouide
caadria2007_057,G. Paterson
caadria2007_069,Hao-Hsiu Chiu
caadria2007_081,Jumphon Lertlakkhanakul
caadria2007_081,Choungkyu Ryu
caadria2007_081,Jin-Won Choi
caadria2007_089,Yasunobu Onishi
caadria2007_089,Mitsuo Morozumi
caadria2007_089,Riken Homma
caadria2007_089,Takahiro Maruyama
caadria2007_097,Rong Du
caadria2007_097,Yuan Gao
caadria2007_107,Peng Ji
caadria2007_113,Li Li
caadria2007_113,Jingwen Gu
caadria2007_119,Ahmed Mokhtar
caadria2007_127,Ning Gu
caadria2007_127,Leman Figen Gül
caadria2007_127,Mary Lou Maher
caadria2007_133,Martin Tamke
caadria2007_133,Olaf Kobiella
caadria2007_145,Robert Golda
caadria2007_157,Krzysztof Koszewski
caadria2007_157,Jan Slyk
caadria2007_157,Stefan Wrona
caadria2007_165,Huai-Wie Liu
caadria2007_165,Ji-Hyun Lee
caadria2007_171,Ashik Vaskor Mannan
caadria2007_171,M. Saleh Uddin
caadria2007_179,Rob Saunders
caadria2007_179,Mary Lou Maher
caadria2007_179,Kathryn Merrick
caadria2007_185,Somwrita Sarkar
caadria2007_185,John S. Gero
caadria2007_185,Rob Saunders
caadria2007_191,Biao Li
caadria2007_203,Felix Heidrich
caadria2007_203,Peter Russell
caadria2007_203,Thomas Stachelhaus
caadria2007_211,Suzana Said
caadria2007_211,Mohamed R. Embi
caadria2007_219,Wei Yan
caadria2007_227,Zhong Tang
caadria2007_233,Ali Ghaffarian Hoseini
caadria2007_233,Rahinah Ibrahim
caadria2007_241,Kenny T.C. Tse
caadria2007_241,Andy Wong
caadria2007_241,Francis Wong
caadria2007_249,Paul Nicholas
caadria2007_249,Mark Burry
caadria2007_263,Abeer Shaheen
caadria2007_263,H. Elkadi
caadria2007_273,Davood Chitchian
caadria2007_273,H.C. Bekkering
caadria2007_283,Michael A. Ambrose
caadria2007_289,Putthinun Sawasratanathon
caadria2007_289,Pinyo Jinuntuya
caadria2007_295,Atsuko Kaga
caadria2007_295,Hahm Joohyung
caadria2007_301,Larry Barrow
caadria2007_301,Shaima Al Arayedh
caadria2007_309,Odilo Schoch
caadria2007_321,Bechir Kenzari
caadria2007_329,Zhya Jacobs
caadria2007_337,Ting-Fung Ho
caadria2007_345,Rachelle Villalon
caadria2007_353,Elys John
caadria2007_361,Chien Jung Lo
caadria2007_361,Mao-Lin Chiu
caadria2007_361,Ming-Nan Liu
caadria2007_369,Taysheng Jeng
caadria2007_369,Hsuan-Cheng Lin
caadria2007_369,Yang-Ting Shen
caadria2007_369,Cheng-An Pan
caadria2007_369,Chun-I Chen
caadria2007_381,Thomas Fischer
caadria2007_381,Christiane Marger Herr
caadria2007_391,Nimish Biloria
caadria2007_399,Halil I. Erhan
caadria2007_399,Fatiha. D. Jebbar
caadria2007_411,Youpei Hu
caadria2007_411,Wowo Ding
caadria2007_411,Gang Yuan
caadria2007_423,Dominik Holzer
caadria2007_423,Mark Burry
caadria2007_423,Richard Hough
caadria2007_433,Theodoros Dounas
caadria2007_433,Kotsiopoulos M. Anastasios
caadria2007_441,Ju-Hung Lan
caadria2007_451,Chiu-Shui Chan
caadria2007_459,Kui Yue
caadria2007_459,Ramesh Krishnamurti
caadria2007_467,Paul Varghese
caadria2007_467,Arif N. Merchant
caadria2007_475,Alexander Koutamanis
caadria2007_475,Gilles Halin
caadria2007_475,Thomas Kvan
caadria2007_483,Ih-Cheng Lai
caadria2007_483,Teng-Wen Chang
caadria2007_489,Herman Neuckermans
caadria2007_489,Martin Wolpers
caadria2007_489,Mathias Casaer
caadria2007_489,Ann Heylighen
caadria2007_503,Reika Sato
caadria2007_503,Bin Lu
caadria2007_503,Mayumi Oyama-Higa
caadria2007_503,Tsuneo Jozen
caadria2007_503,Nagae Katsuya
caadria2007_511,Jörg Rügemer
caadria2007_519,David Porter
caadria2007_519,Raid Hanna
caadria2007_529,Paul Murty
caadria2007_529,Terry Purcell
caadria2007_537,Chuan Fei Yu
caadria2007_543,Lixin Fang
caadria2007_543,Qi Zhou
caadria2007_549,Chuang-Yu Huang
caadria2007_561,Xiangyu Wang
caadria2007_569,José R. Kós
caadria2007_577,Jules Moloney
caadria2007_585,José Luis Menegotto
caadria2007_593,Tomohiro Fukuda
caadria2007_593,Atsuko Kaga
caadria2007_593,Masahiro Kawaguchi
caadria2007_593,Wookhyun Yeo
caadria2007_599,Beng-Kiang Tan
caadria2007_599,Daniel Hii Jun Chung
caadria2007_611,Kittisak Arpornwicharnop
caadria2007_611,Pinyo Jinuntuya
caadria2007_611,Pizzanu Kanongchaiyos
caadria2007_619,Jingping Qian
caadria2007_619,Chiu-Shui Chan
caadria2007_625,Marc Aurel Schnabel
caadria2007_633,Kalliopi Maravelea
caadria2007_633,M. Grant
caadria2007_639,Pinyo Jinuntuya
caadria2007_639,Jirayod Theppipit
caadria2007_645,Ji-Hyun Lee
caadria2007_645,Tian-Chiu Li
caadria2007_657,Sirin Chotsiri
caadria2007_657,Siwarak Suwannasan
caadria2007_657,Wipaporn Lamool
caadria2007_657,Monchai Bunyavipakul
caadria2007_659,Zi-Ru Chen
caadria2007_661,Wipaporn Lamool
caadria2007_661,Sirin Chotsiri
caadria2007_661,S. Suvarnnasara
caadria2007_661,Monchai Bunyavipakul
caadria2007_667,P.G. Shivshankar
caadria2007_667,Vennila Thirumavalavan
caadria2007_675,Joseph Chuen-Huei Huang
caadria2007_677,R. Anbusivan
caadria2007_683,Bahram Tayyar
caadria2007_687,Liang Chen
caadria2007_689,Daniel Hii Jun Chung
caadria2007_693,Yue Kui
caadria2007_693,Ramesh Krishnamurti
caadria2008_10_session1b_081,Hannu Penttilä
caadria2008_10_session1b_081,Markus Peter
caadria2008_10_session1b_081,Dietrich Elger
caadria2008_11_session2a_093,Hyun Soo Lee
caadria2008_11_session2a_093,Ju Hyun Lee
caadria2008_12_session2a_103,Wun-Bin Yang
caadria2008_12_session2a_103,Ji-Hyun Lee
caadria2008_13_session2a_110,Wiboonsiri Wiboonma
caadria2008_13_session2a_110,Pinyo Jinuntuya
caadria2008_13_session2a_110,Pizzanu Kanongchaiyos
caadria2008_14_session2a_117,Kui Yue
caadria2008_14_session2a_117,Casey Hickerson
caadria2008_14_session2a_117,Ramesh Krishnamurti
caadria2008_15_session2a_125,Ganapathy Mahalingam
caadria2008_16_session2a_132,Anand Bhatt
caadria2008_17_session2a_143,Pornpis Kaewlai
caadria2008_17_session2a_143,Pinyo Jinuntuya
caadria2008_17_session2a_143,Pizzanu Kanongchaiyos
caadria2008_18_session3a_153,John S. Gero
caadria2008_18_session3a_153,Kazjon S. Grace
caadria2008_18_session3a_153,Robert Saunders
caadria2008_19_session3a_161,Yeonjoo Oh
caadria2008_19_session3a_161,Mark D. Gross
caadria2008_19_session3a_161,Ellen Yi-Luen Do
caadria2008_1_session1a_014,Tomohiro Fukuda
caadria2008_1_session1a_014,Atsuko Kaga
caadria2008_1_session1a_014,Yosuke Takada
caadria2008_20_session3a_168,Ju-Hung Lan
caadria2008_21_session3a_174,Ju-Hung Lan
caadria2008_21_session3a_174,Kai-Han Chung
caadria2008_22_session3a_180,Li Li
caadria2008_22_session3a_180,Jingwen Gu
caadria2008_22_session3a_180,Jing Ma
caadria2008_23_session3a_185,Kathryn Merrick
caadria2008_23_session3a_185,Mary Lou Maher
caadria2008_23_session3a_185,Rob Saunders
caadria2008_24_session3a_193,Tajin Biswas
caadria2008_24_session3a_193,Tsung-Hsien Wang
caadria2008_24_session3a_193,Ramesh Krishnamurti
caadria2008_25_session3b_205,Mi-Yun Kim
caadria2008_25_session3b_205,Jin-Won Choi
caadria2008_26_session3b_213,Leman Figen Gül
caadria2008_27_session3b_221,Tristan Al-Haddad
caadria2008_28_session3b_229,Hyoung-June Park
caadria2008_28_session3b_229,Young-Kyu Park
caadria2008_29_session3b_236,Walaiporn Nakapan
caadria2008_29_session3b_236,Somkidt Yindeeyoungyeon
caadria2008_2_session1a_022,Dounas Theodoros
caadria2008_2_session1a_022,Kotsiopoulos M. Anastasios
caadria2008_30_session3b_244,Bahram Tayyar
caadria2008_31_session3b_251,Ruht Tantachamroon
caadria2008_31_session3b_251,Acharawan Chutarat
caadria2008_32_session4a_263,Jeff W.T. Kan
caadria2008_32_session4a_263,John S. Gero
caadria2008_33_session4a_271,Tomohiro Fukuda
caadria2008_33_session4a_271,Atsuko Kaga
caadria2008_33_session4a_271,Takanori Terashima
caadria2008_34_session4a_278,Thomas Fischer
caadria2008_35_session4a_285,Cheng-An Pan
caadria2008_35_session4a_285,Taysheng Jeng
caadria2008_36_session4a_293,Marc Aurel Schnabel
caadria2008_36_session4a_293,Xiangyu Wang
caadria2008_36_session4a_293,Hartmut Seichter
caadria2008_36_session4a_293,Thomas Kvan
caadria2008_37_session4a_300,Giuseppe Pellitteri
caadria2008_37_session4a_300,Salvatore Concialdi
caadria2008_37_session4a_300,Raimondo Lattuca
caadria2008_38_session4a_309,John S. Gero
caadria2008_38_session4a_309,Nick Kelly
caadria2008_39_session4b_321,Christiane Marger Herr
caadria2008_39_session4b_321,Justyna Karakiewicz
caadria2008_3_session1a_029,Michael A. Ambrose
caadria2008_3_session1a_029,Carl Lostritto
caadria2008_3_session1a_029,Luc Wilson
caadria2008_40_session4b_328,Chieh-Jen Lin
caadria2008_40_session4b_328,Mao-Lin Chiu
caadria2008_41_session4b_335,Biao Li
caadria2008_41_session4b_335,Rong Li
caadria2008_41_session4b_335,Xue Kai
caadria2008_41_session4b_335,Liu Chang
caadria2008_41_session4b_335,Gao Qin
caadria2008_42_session4b_343,Carlos Barrios
caadria2008_42_session4b_343,Damien Alomar
caadria2008_43_session4b_350,Rui Chen
caadria2008_43_session4b_350,Xiangyu Wang
caadria2008_44_session4b_357,Jeremy J. Ham
caadria2008_45_session4b_364,Katsuhiko Muramoto
caadria2008_45_session4b_364,Sonali Kumar
caadria2008_45_session4b_364,Michael Jemtrud
caadria2008_45_session4b_364,Danielle Wiley
caadria2008_46_session5a_375,Makoto Otani
caadria2008_46_session5a_375,Tatsuya Kishimoto
caadria2008_47_session5a_383,Mercedes Paulini
caadria2008_47_session5a_383,Marc Aurel Schnabel
caadria2008_48_session5a_391,S. Kacher
caadria2008_48_session5a_391,Gilles Halin
caadria2008_49_session5a_399,V. Anuradha
caadria2008_49_session5a_399,Minal Sabnis
caadria2008_49_session5a_399,Vennila Thirumavalavn
caadria2008_4_session1a_036,Ben Coorey
caadria2008_50_session5a_409,Ginette M. Wessel
caadria2008_50_session5a_409,Eric J. Sauda
caadria2008_50_session5a_409,Remco Chang
caadria2008_51_session5a_417,Heimo Schimek
caadria2008_51_session5a_417,Milena Stavric
caadria2008_51_session5a_417,Albert Wiltsche
caadria2008_52_session5a_426,Atsuko Kaga
caadria2008_52_session5a_426,Yasuko Matsunaga
caadria2008_52_session5a_426,Kenichi Sakai
caadria2008_52_session5a_426,Tomohiro Fukuda
caadria2008_53_session5b_437,Michael A. Ambrose
caadria2008_53_session5b_437,Lisa Lacharité-Lostritto
caadria2008_54_session5b_445,Ahmad Rafi
caadria2008_54_session5b_445,Mastura Yunan
caadria2008_54_session5b_445,Mazlan Mahadzir
caadria2008_54_session5b_445,Abdul Halim
caadria2008_55_session5b_452,Jae Wan Park
caadria2008_55_session5b_452,Yunseok Oscar Kang
caadria2008_55_session5b_452,Kostas Terzidis
caadria2008_56_session5b_459,Marc Aurel Schnabel
caadria2008_57_session6a_472,S. Lim
caadria2008_57_session6a_472,Miquel Prats
caadria2008_57_session6a_472,Scott C. Chase
caadria2008_57_session6a_472,Steve Garner
caadria2008_58_session6a_479,Shiro Matsushima
caadria2008_58_session6a_479,Rie Takenaka
caadria2008_58_session6a_479,Daisuke Sasaki
caadria2008_59_session6a_487,C. Chevrier
caadria2008_59_session6a_487,J.P. Perrin
caadria2008_5_session1a_042,Chiung-Hui Chen
caadria2008_60_session6a_494,Xiangyu Wang
caadria2008_60_session6a_494,Rui Chen
caadria2008_61_session6a_501,Peter Christensen
caadria2008_61_session6a_501,Marc Aurel Schnabel
caadria2008_62_session6a_510,Nancy Diniz
caadria2008_63_session6b_522,Athanassios Economou
caadria2008_63_session6b_522,Gernot Riether
caadria2008_64_session6b_529,Jörg Rügemer
caadria2008_65_session6b_536,Nuttawut Puttipong
caadria2008_66_session6b_544,Russell Lowe
caadria2008_67_session6b_552,Hyoung-June Park
caadria2008_68_session7a_564,Shun Watanabe
caadria2008_68_session7a_564,Yu Nishikawa
caadria2008_69_session7a_572,Jumphon Lertlakkhanakul
caadria2008_69_session7a_572,Seoyoung Lee
caadria2008_69_session7a_572,Jin-Won Choi
caadria2008_6_session1b_053,Ning Gu
caadria2008_6_session1b_053,Vishal Singh 
caadria2008_6_session1b_053,London Kerry
caadria2008_6_session1b_053,Ljiljana Brankovic
caadria2008_6_session1b_053,Taylor Claudelle
caadria2008_70_session7a_579,Beng-Kiang Tan
caadria2008_70_session7a_579,Daniel Jun Chung Hii
caadria2008_71_session7a_587,Rabee M. Reffat
caadria2008_71_session7a_587,Yaman Khaeruzzaman
caadria2008_71_session7a_587,Emad El-Sebakhy
caadria2008_71_session7a_587,I Putu Raharja
caadria2008_72_session7a_594,Satakhun Kosavinta
caadria2008_73_session7a_601,Ning Gu
caadria2008_73_session7a_601,Jerry Jen-Hung Tsai
caadria2008_74_session7a_609,Norio Koba
caadria2008_74_session7a_609,Koji Koizumi
caadria2008_74_session7a_609,Tatsuya Kishimoto
caadria2008_75_session7b_622,Selina Lam
caadria2008_76_session7b_629,Pinyo Jinuntuya
caadria2008_76_session7b_629,Prittiporn Lopkerd
caadria2008_77_session7b_635,Thorsten M. Loemker
caadria2008_78_session7b_642,Chumporn Moorapun
caadria2008_79_session7b_647,Nguyen Quang Huy
caadria2008_7_session1b_061,Bechir Kenzari
caadria2008_80_session7b_654,Bob Martens
caadria2008_81_session7b_662,Erik M. Champion
caadria2008_81_session7b_662,Andrew Dekker
caadria2008_81_session7b_662,Petra Thomas
caadria2008_8_session1b_068,Odilo Schoch
caadria2008_8_session1b_068,Peter Russell
caadria2008_9_session1b_075,Sheng-Fen Chien
caadria2009_007,Ghousia Saeed
caadria2009_007,Andre Brown
caadria2009_007,Michael W. Knight
caadria2009_009,Christiane Marger Herr
caadria2009_010,Walaiporn Nakapan
caadria2009_010,Ning Gu
caadria2009_010,Leman Figen Gül
caadria2009_010,Anthony Williams
caadria2009_012,Hao-Hsiu Chiu
caadria2009_013,Daniel Rosenberg
caadria2009_016,Timothy L. Hemsath
caadria2009_016,Ronald Bonnstetter
caadria2009_016,Leen-Kiat Soh
caadria2009_016,Robert Williams
caadria2009_017,Dean Bruton
caadria2009_018,Michael A. Ambrose
caadria2009_018,Benjamin G. Callam
caadria2009_018,Joseph Kunkel
caadria2009_018,Luc Wilson
caadria2009_019,Yuan-Yu Liao
caadria2009_021,Michael A. Ambrose
caadria2009_023,Jumphon Lertlakkhanakul
caadria2009_023,Sang-Ik Lee
caadria2009_023,Dooyoung Kwon
caadria2009_023,Jin-Won Choi
caadria2009_024,Teng-Wen Chang
caadria2009_024,Ching-Jung Lin
caadria2009_024,Yi-Yen Wang
caadria2009_026,Michael Ostwald
caadria2009_026,Josephine Vaughan
caadria2009_027,Rom Khampanya
caadria2009_027,Surapong Lertsithichai
caadria2009_030,Ih-Cheng Lai
caadria2009_030,Teng-Wen Chang
caadria2009_031,Wael A. Abdelhameed
caadria2009_033,Hao Hua
caadria2009_033,Biao Li
caadria2009_033,Yong Shan
caadria2009_033,Hong Zhang
caadria2009_033,Hong-Mei Zhai
caadria2009_034,Yu-Chun Huang
caadria2009_034,Kuan-Ying Wu
caadria2009_034,Yu-Tung Liu
caadria2009_035,Andrew I-Kang Li
caadria2009_035,Hau Hing Chau
caadria2009_035,Liang Chen
caadria2009_035,Yang Wang
caadria2009_043,Kui Yue
caadria2009_043,Ramesh Krishnamurti
caadria2009_046,Matthias Hank Haeusler
caadria2009_053,Hui-Jiun Hu
caadria2009_053,Jen Yen
caadria2009_055,Hyoung-June Park
caadria2009_056,Ya-Chieh Lee
caadria2009_056,Ming-Chyuan Ho
caadria2009_057,Ning Gu
caadria2009_057,Leman Figen Gül
caadria2009_057,Anthony Williams
caadria2009_057,Walaiporn Nakapan
caadria2009_061,Yasuyo Yoshikawa
caadria2009_061,Kyoko Miyashita
caadria2009_061,Tomohiro Fukuda
caadria2009_061,Kenichi Sakai
caadria2009_062,Takayuki Kawaguchi
caadria2009_062,Yoshihiro Nishimura
caadria2009_062,Atsumi Maruhashi
caadria2009_062,Tomohiro Fukuda
caadria2009_062,Nobuyoshi Yabuki
caadria2009_063,Nan-Ching Tai
caadria2009_063,Mehlika Inanici
caadria2009_065,Biao Li
caadria2009_065,Rong Li
caadria2009_067,Piyaboon Nilkaew
caadria2009_069,Yen-Ling Chen
caadria2009_069,Pei-Chien Hung
caadria2009_070,Michael P. Sharman
caadria2009_070,Sambit Datta
caadria2009_071,Toan Phan Viet
caadria2009_071,Choo Seung Yeon
caadria2009_071,Woo Seung Hak
caadria2009_071,Choi Ahrina
caadria2009_073,Bharat Dave
caadria2009_073,Jules Moloney
caadria2009_074,Rung-Huei Liang
caadria2009_074,Ying-Ming Huang
caadria2009_075,Naai Jung Shih
caadria2009_075,Jah-Yu Lee
caadria2009_075,Ching-Feng Chang
caadria2009_078,Zi-Ru Chen
caadria2009_082,Thomas Fischer
caadria2009_087,Chieh-Jen Lin
caadria2009_091,Greg Pitts
caadria2009_091,Sambit Datta
caadria2009_092,Chun-Hung Liu
caadria2009_092,Chang-Franw Lee
caadria2009_097,Chieh-Jen Lin
caadria2009_097,Mao-Lin Chiu
caadria2009_103,Stefan Boeykens
caadria2009_103,Herman Neuckermans
caadria2009_109,Chung-Yang Wang
caadria2009_111,Tajin Biswas
caadria2009_111,Ramesh Krishnamurti
caadria2009_111,Tsung-Hsien Wang
caadria2009_112,Pei-Lin Chen
caadria2009_112,Jen Yen
caadria2009_120,Hung-Ming Cheng
caadria2009_120,Ya-Ning Yen
caadria2009_120,Wun-Bin Yang
caadria2009_125,Hsutung Wang
caadria2009_125,Yu-Pin Ma
caadria2009_125,Hsuan-Cheng Lin
caadria2009_125,Taysheng Jeng
caadria2009_125,Shyhnan Liou
caadria2009_130,Mei-Lin Kuo
caadria2009_131,Sheng-Fen Chien
caadria2009_135,Yen-Liang Wu
caadria2009_137,Daniel Baerlecken
caadria2009_137,Judith Reitz
caadria2009_142,Sheng-Kai Tang
caadria2009_142,Wen-Yen Tang
caadria2009_144,Tsung-Hsien Wang
caadria2009_145,Silvan Oesterle
caadria2009_146,Gustav Fagerström
caadria2009_147,Gernot Riether
caadria2009_147,Daniel Baerlecken
caadria2009_151,Michael A. Fox
caadria2009_152,Gonçalo Castro Henriques
caadria2009_154,Shuo-Tao Chiang
caadria2009_154,Sheng-Fen Chien
caadria2009_159,Seung Wook Kim
caadria2009_159,Hsin-Hsien Chiu
caadria2009_160,P.G. Shivshankar
caadria2009_160,R. Balachandar
caadria2009_161,R. Balachandar
caadria2009_161,P.G. Shivshankar
caadria2009_165,Prittiporn Lopkerd
caadria2009_165,Pinyo Jinuntuya
caadria2009_170,Zhi Liu
caadria2009_170,Jixi Ai
caadria2009_170,Zheng Wang
caadria2009_171,Yong Yuan
caadria2009_171,Jixi Ai
caadria2009_172,Heimo Schimek
caadria2009_172,Milena Stavric
caadria2009_172,Albert Wiltsche
caadria2009_172,Otto Roeschel
caadria2009_174,Chiung-Hui Chen
caadria2009_176,Russell Lowe
caadria2009_180,Jeff W.T. Kan
caadria2009_180,John S. Gero
caadria2009_186,Chor-Kheng Lim
caadria2009_191,Mi-Yun Kim
caadria2009_191,Jin-Won Choi
caadria2009_192,Hafizur Rahaman
caadria2009_192,Beng-Kiang Tan
caadria2009_207,Eleftheria E. Fasoulaki
caadria2009_208,Irene Rui Chen
caadria2009_208,Marc Aurel Schnabel
caadria2009_210,Hsien-Hui Tang
caadria2009_210,Yu-Ying Lee
caadria2009_210,Wen-Ko Chiou
caadria2009_278,Carl Lostritto
caadria2009_318,Anthony Burke
caadria2009_320,Odilo Schoch
caadria2010_001,Tse-Wie Hsu
caadria2010_001,Shang-Chia Chiou
caadria2010_001,Jen Yen
caadria2010_002,Ji-Hyun Lee
caadria2010_002,Hyoung-June Park
caadria2010_002,Sungwoo Lim
caadria2010_002,Sun-Joong Kim
caadria2010_002,Haelee Jung
caadria2010_002,Mark Whiting
caadria2010_003,Josephine Vaughan
caadria2010_003,Michael Ostwald
caadria2010_004,Iestyn Jowers
caadria2010_004,Miquel Prats
caadria2010_004,Hesham Eissa
caadria2010_004,Ji-Hyun Lee
caadria2010_005,Hakan Anay
caadria2010_006,Bob Martens
caadria2010_006,Herbert Peter
caadria2010_007,V. Kwee
caadria2010_008,Danilo Di Mascio
caadria2010_009,Hafizur Rahaman
caadria2010_009,Beng-Kiang Tan
caadria2010_010,Beng-Kiang Tan
caadria2010_010,Stephen Lim Tsung Yee
caadria2010_011,Maryam M. Maleki
caadria2010_011,Robert F. Woodbury
caadria2010_012,Ning Gu
caadria2010_012,Vishal Singh
caadria2010_012,Kathryn Merrick
caadria2010_013,B. Hewett
caadria2010_013,Anthony Burke
caadria2010_014,Chieh-Jen Lin
caadria2010_014,Mao-Lin Chiu
caadria2010_015,Ben Coorey
caadria2010_016,Guohua Ji
caadria2010_016,Huijie Liu
caadria2010_017,Hua Hao
caadria2010_017,Ting-Li Jia
caadria2010_018,M. Schoch
caadria2010_018,A. Praditsmanont
caadria2010_018,C. Prakasvudhisarn
caadria2010_019,Christiane Marger Herr
caadria2010_020,Jeremy J. Ham
caadria2010_021,Marc Aurel Schnabel
caadria2010_021,Evelyn L. C. Howe
caadria2010_022,Michael A. Ambrose
caadria2010_022,Lisa Lacharité-Lostritto
caadria2010_023,Bechir Kenzari
caadria2010_024,Ning Gu
caadria2010_024,Wyn M. Jones
caadria2010_024,Anthony Williams
caadria2010_025,Annalisa Meyboom
caadria2010_025,Jerzy Wojtowicz
caadria2010_025,Greg Johnson
caadria2010_026,Jeff W.T. Kan
caadria2010_026,John S. Gero
caadria2010_027,Ruwan A. Fernando
caadria2010_027,Robin Drogemuller
caadria2010_027,Flora Dilys Salim
caadria2010_027,Jane Burry
caadria2010_028,J. Chellappa
caadria2010_028,Hyoung-June Park
caadria2010_029,Daniel Baerlecken
caadria2010_029,Martin Manegold
caadria2010_029,Judith Reitz
caadria2010_029,Arne Kuenstler
caadria2010_030,Bianca Toth
caadria2010_030,Robin Drogemuller
caadria2010_030,John Hamilton Frazer
caadria2010_031,Anthony Burke
caadria2010_031,Ben Coorey
caadria2010_031,D. Hill
caadria2010_031,J. Mcdermott
caadria2010_032,Justyna Karakiewicz
caadria2010_032,Thomas Kvan
caadria2010_033,Mattias Roupé
caadria2010_033,Mikael Johansson
caadria2010_034,Daniel Hii Jun Chung
caadria2010_034,Malone-Lee Lai Choo
caadria2010_035,Chia-Hui Lo
caadria2010_035,Ih-Cheng Lai
caadria2010_035,Teng-Wen Chang
caadria2010_036,Hsiu-Ting Liao
caadria2010_036,Teng-Wen Chang
caadria2010_036,Ih-Cheng Lai
caadria2010_037,Antony Pelosi
caadria2010_038,Jules Moloney
caadria2010_038,Bharat Dave
caadria2010_039,W. Yeung
caadria2010_039,J. Harkins
caadria2010_040,Paulina Neisch
caadria2010_041,S. Zedlacher
caadria2010_041,Albert Wiltsche
caadria2010_042,David Celento
caadria2010_043,Tom Barker
caadria2010_043,Matthias Hank Haeusler
caadria2010_044,Tai-Ling Tsai
caadria2010_044,Taysheng Jeng
caadria2010_044,Jian-Hsu Chen
caadria2010_045,Stanislav Roudavski
caadria2010_046,Beng-Kiang Tan
caadria2010_046,Jung-Ho Yeom
caadria2010_047,Nan-Ching Tai
caadria2010_047,Mehlika Inanici
caadria2010_048,Ning Gu
caadria2010_048,Vishal Singh
caadria2010_048,Xiangyu Wang
caadria2010_049,Tomohiro Fukuda
caadria2010_049,Hitoshi Takeuchi
caadria2010_050,Flora Dilys Salim
caadria2010_050,Hugo Mulder
caadria2010_050,Jane Burry
caadria2010_051,C. Stanton
caadria2010_052,S. Okuda
caadria2010_052,Z. Ou
caadria2010_053,C. Doumpioti
caadria2010_054,Chit Kin D. Wong
caadria2010_054,Yim Fun L. Cheung
caadria2010_055,Zi-Ru Chen
caadria2010_055,Chung-Yang Wang
caadria2010_055,Pei-Chien Hung
caadria2010_055,Yu-Tung Liu
caadria2010_056,Thomas Fischer
caadria2010_057,Han Feng
caadria2010_058,Sven Schneider
caadria2010_058,Nancy Richter
caadria2010_058,Frank Petzold
caadria2010_058,Reinhard König
caadria2010_099,Lawrence Sass
caadria2011_001,Rizal Muslimin
caadria2011_002,Marcelo Bernal
caadria2011_003,Daniel Davis
caadria2011_003,Jane Burry
caadria2011_003,Mark Burry
caadria2011_004,Benjamin P. Coorey
caadria2011_004,Julie R. Jupp
caadria2011_005,Aya Okabe
caadria2011_005,Tsukasa Takenaka
caadria2011_006,Jason J. Kim
caadria2011_006,Hyoung-June Park
caadria2011_007,Kaon Ko
caadria2011_007,Salvator-John Liotta
caadria2011_008,Xiaofang Yuan
caadria2011_008,Ji-Hyun Lee
caadria2011_008,Yu Wu
caadria2011_009,Jonathon Anderson
caadria2011_009,Ming-Xi Tang
caadria2011_010,Iestyn Jowers
caadria2011_010,Miquel Prats
caadria2011_010,Nieves Pedreira
caadria2011_010,Alison Mcay
caadria2011_010,Steve Garner
caadria2011_011,M. Kamil Sharaidin
caadria2011_011,Flora Dilys Salim
caadria2011_012,Biao Li
caadria2011_012,Rong Li
caadria2011_013,Karine Kozlova
caadria2011_013,Roham M. Sheikholeslami
caadria2011_013,Lyn Bartram
caadria2011_013,Robert F. Woodbury
caadria2011_014,Chin Koi Khoo
caadria2011_014,Flora Dilys Salim
caadria2011_015,Daniel Davis
caadria2011_015,Flora Dilys Salim
caadria2011_015,Jane Burry
caadria2011_016,Russell Loveridge
caadria2011_017,Stuart Hanafin
caadria2011_017,Sambit Datta
caadria2011_017,Bernard Rolfe
caadria2011_018,Thi Lan Truc Nguyen
caadria2011_018,Beng-Kiang Tan
caadria2011_019,Ju Hyun Lee
caadria2011_019,Mijeong Kim
caadria2011_020,Werner Lonsing
caadria2011_020,Peter Anders
caadria2011_021,Russell Lowe
caadria2011_021,Jules Cromarty
caadria2011_021,Richard Goodwin
caadria2011_022,Russell Lowe
caadria2011_022,Mark Hedley
caadria2011_022,Richard Goodwin
caadria2011_023,Erik M. Champion
caadria2011_023,Andrew Dekker
caadria2011_024,Walaiporn Nakapan
caadria2011_024,Ning Gu
caadria2011_025,Shun Watanabe
caadria2011_026,Tomás Dorta
caadria2011_026,Yehuda E. Kalay
caadria2011_026,Annemarie Lesage
caadria2011_026,Edgar Pérez
caadria2011_027,Hao Hua
caadria2011_027,Ting-Li Jia
caadria2011_028,Annemarie Lesage
caadria2011_028,Tomás Dorta
caadria2011_029,Yasuhiro Santo
caadria2011_029,John Hamilton Frazer
caadria2011_029,Robin Drogemuller
caadria2011_030,Beng-Kiang Tan
caadria2011_030,Jung-Ho Yeom
caadria2011_031,Tomohiro Fukuda
caadria2011_031,Kensuke Kitagawa
caadria2011_031,Nobuyoshi Yabuki
caadria2011_032,Tom Barker
caadria2011_032,Nicole Gardner
caadria2011_032,Matthias Hank Haeusler
caadria2011_032,Martin Tomitsch
caadria2011_033,Tina A. Salama
caadria2011_034,Akira Wakita
caadria2011_034,Akito Nakano
caadria2011_034,Michihiko Ueno
caadria2011_035,Stanislav Roudavski
caadria2011_035,Sonya Parton
caadria2011_036,Hee Hwa Chae
caadria2011_036,Mijeong Kim
caadria2011_036,Ju Hyun Lee
caadria2011_036,Xiangyu Wang
caadria2011_037,Carlos V. Vaz
caadria2011_037,Gabriela Celani
caadria2011_037,José Pinto Duarte
caadria2011_038,Morteza Pourmohamadi
caadria2011_038,John S. Gero
caadria2011_038,Robert Saunders
caadria2011_039,Volker Mueller
caadria2011_039,Ivanka Iordanova
caadria2011_040,Hamadah Qutaibah
caadria2011_041,Edgar Pérez
caadria2011_041,Tomás Dorta
caadria2011_042,Sang-Ik Lee
caadria2011_042,Ludger Hovestadt
caadria2011_043,Kazjon S. Grace
caadria2011_043,Robert Saunders
caadria2011_043,John S. Gero
caadria2011_044,Linda Matthews
caadria2011_044,Gavin Perin
caadria2011_045,Aswin Indraprastha
caadria2011_045,Michihiko Shinozaki
caadria2011_046,Mariko Enoki
caadria2011_046,Yoichi Hanada
caadria2011_046,Yuji Matsumoto
caadria2011_046,Nagisa Kidosaki
caadria2011_046,Ryusuke Naka
caadria2011_046,Shigeyuki Yamaguchi
caadria2011_047,Michael Ostwald
caadria2011_047,Josephine Vaughan
caadria2011_047,Stephan K. Chalup
caadria2011_048,Nicholas Webb
caadria2011_048,Andre Brown
caadria2011_049,Daniel Richards
caadria2011_050,Bianca Toth
caadria2011_050,Flora Dilys Salim
caadria2011_050,Robin Drogemuller
caadria2011_050,John Hamilton Frazer
caadria2011_050,Jane Burry
caadria2011_051,Chieh-Jen Lin
caadria2011_052,Dhuha A. Al-Kazzaz
caadria2011_052,Alan Bridges
caadria2011_053,Arash Jalalian
caadria2011_053,Stephan K. Chalup
caadria2011_053,Michael Ostwald
caadria2011_054,Christiane Marger Herr
caadria2011_055,Stanislav Roudavski
caadria2011_055,Anne-Marie Walsh
caadria2011_056,Marc Aurel Schnabel
caadria2011_056,Jeremy J. Ham
caadria2011_057,Matthew Fraser
caadria2011_057,Michael Donn
caadria2011_058,Rabee M. Reffat
caadria2011_059,Thomas Fischer
caadria2011_060,Nick Kelly
caadria2011_060,John S. Gero
caadria2011_060,Robert Saunders
caadria2011_061,Gabriela Celani
caadria2011_061,José Pinto Duarte
caadria2011_061,Carlos V. Vaz
caadria2011_062,Wei Zhang
caadria2011_062,Yiping Wang
caadria2011_063,Chia-Hui Lo
caadria2011_063,Ih-Cheng Lai
caadria2011_063,Teng-Wen Chang
caadria2011_064,Yuji Matsumoto
caadria2011_064,Yusuke Okada
caadria2011_064,Nagisa Kidosaki
caadria2011_064,Ryusuke Naka
caadria2011_064,Shigeyuki Yamaguchi
caadria2011_065,Mercedes Paulini
caadria2011_065,Mary Lou Maher
caadria2011_065,Paul Murty
caadria2011_066,Kathryn Merrick
caadria2011_066,Ning Gu
caadria2011_066,Muhammad Niazi
caadria2011_066,Kamran Shafi
caadria2011_067,Paulina Neisch
caadria2011_068,Simone Garagnani
caadria2011_069,Ruwan A. Fernando
caadria2011_069,James Steel
caadria2011_069,Robin Drogemuller
caadria2011_070,Marc Aurel Schnabel
caadria2011_070,Yingge Qu
caadria2011_071,Weixin Huang
caadria2011_071,Weiguo Xu
caadria2011_071,Tao Wang
caadria2011_072,Mohamed-Anis Gallas
caadria2011_072,Didier Bur
caadria2011_072,Gilles Halin
caadria2012_001,Marc Aurel Schnabel
caadria2012_001,Yingge Qu
caadria2012_002,Maher S. Elkhaldi
caadria2012_002,Ellen Yi-Luen Do
caadria2012_003,Stylianos Dritsas
caadria2012_004,Sheng-Fen Chien
caadria2012_004,Hung-Jen Wang
caadria2012_007,Stanislav Roudavski
caadria2012_008,Heimo Schimek
caadria2012_008,Emmanuel Ruffo Ca Dominguez
caadria2012_008,Albert Wiltsche
caadria2012_008,Markus Manahl
caadria2012_010,Bharat Dave
caadria2012_010,Gwyl Jahn
caadria2012_011,Filipe Santos
caadria2012_011,Joaquim Reis
caadria2012_011,Pedro Lopes
caadria2012_011,Alexandra C. Paio
caadria2012_011,Sara Eloy
caadria2012_011,Vasco Moreira Rato
caadria2012_013,Maha Zeini Al-Saati
caadria2012_013,David Botta
caadria2012_013,Robert F. Woodbury
caadria2012_014,Deborah Benros
caadria2012_014,José Pinto Duarte
caadria2012_014,Sean Hanna
caadria2012_018,Weixin Huang
caadria2012_018,Weiguo Xu
caadria2012_021,Maha Zeini Al-Saati
caadria2012_021,David Botta
caadria2012_021,Robert F. Woodbury
caadria2012_022,Walaiporn Nakapan
caadria2012_022,Supattra Radsiri
caadria2012_024,Sigrid Brell-Cokcan
caadria2012_024,Johannes Braumann
caadria2012_024,Baris Cokcan
caadria2012_024,Martin Kleindienst
caadria2012_025,Johannes Braumann
caadria2012_025,Sigrid Brell-Cokcan
caadria2012_029,Florina Dutt
caadria2012_029,Subhajit Dasd
caadria2012_031,Guohua Ji
caadria2012_031,Ying Xu
caadria2012_031,Ying Wang
caadria2012_032,Kermin Chok
caadria2012_036,Vignesh Srinivas Kaushik
caadria2012_036,Patrick Janssen
caadria2012_038,Kody Kato
caadria2012_038,Hyoung-June Park
caadria2012_040,Bianca Toth
caadria2012_040,Stefan Boeykens
caadria2012_040,André Chaszar
caadria2012_040,Patrick Janssen
caadria2012_040,Rudi Stouffs
caadria2012_041,Yifeng Lin
caadria2012_041,Shanshan Shen
caadria2012_042,Anastasia Globa
caadria2012_042,Michael Donn
caadria2012_043,Wei-Hsien Lan
caadria2012_043,Teng-Wen Chang
caadria2012_045,Chin Koi Khoo
caadria2012_045,Flora Dilys Salim
caadria2012_046,Surapong Lertsithichai
caadria2012_049,Balaji Rajasekaran
caadria2012_049,T. Brahmani
caadria2012_049,C. Reshma
caadria2012_051,Yiping Wang
caadria2012_051,Wei Zhang
caadria2012_052,Jeremy J. Ham
caadria2012_052,Marc Aurel Schnabel
caadria2012_058,Linda Matthews
caadria2012_058,Gavin Perin
caadria2012_062,Finnian Warnock
caadria2012_062,Stanislav Roudavski
caadria2012_066,Sumbul Ahmad
caadria2012_067,Vincent Delfosse
caadria2012_067,John Schrayen
caadria2012_067,Roland Juchmes
caadria2012_067,Pierre Leclercq
caadria2012_069,Sawako Kaijima
caadria2012_071,Jieun Park
caadria2012_071,Ji-Hyun Lee
caadria2012_074,Stanimira Markova
caadria2012_074,Andreas Dieckmann
caadria2012_077,Nick Kelly
caadria2012_077,John S. Gero
caadria2012_078,Christopher Beorkrem
caadria2012_080,Theodoros Dounas
caadria2012_081,Christopher Beorkrem
caadria2012_081,Niki Desimini
caadria2012_081,Mitch Mcgregor
caadria2012_081,Igor Polakov
caadria2012_087,Ji Young Cho
caadria2012_089,Ruwan A. Fernando
caadria2012_089,Robin Drogemuller
caadria2012_089,Alan Burden
caadria2012_094,Mattias Roupé
caadria2012_094,Mikael Johansson
caadria2012_094,Mikael Viklund Tallgren
caadria2012_094,Mathias Gustaffson
caadria2012_095,Mikael Johansson
caadria2012_095,Mattias Roupé
caadria2012_097,Kazjon S. Grace
caadria2012_097,John S. Gero
caadria2012_097,Rob Saunders
caadria2012_098,Wendy W. Fok
caadria2012_099,Ella Peinovich
caadria2012_099,John Fernández
caadria2012_102,Markus Manahl
caadria2012_102,Heimo Schimek
caadria2012_102,Emmanuel Ruffo Ca Dominguez
caadria2012_102,Albert Wiltsche
caadria2012_104,Kai-Tzu Lu
caadria2012_104,Hsin-Hou Lin
caadria2012_104,Ting-Han Chen
caadria2012_104,Chi-Fa Fan
caadria2012_105,Ioanna Symeonidou
caadria2012_105,Utssav Gupta
caadria2012_107,David J. Gerber
caadria2012_107,Aslihan Senel Solmaz
caadria2012_108,David J. Gerber
caadria2012_108,Shih-Hsin (eve) Lin
caadria2012_109,David J. Gerber
caadria2012_109,Mohamed M. Elsheikh
caadria2012_109,Aslihan Senel Solmaz
caadria2012_110,Wes Mcgee
caadria2012_110,David Pigram
caadria2012_110,Maciej P. Kaczynski
caadria2012_115,Tajin Biswas
caadria2012_115,Tsung-Hsien Wang
caadria2012_115,Ramesh Krishnamurti
caadria2012_116,Alexander Peña De León
caadria2012_117,Justyna Karakiewicz
caadria2012_117,Thomas Kvan
caadria2012_119,Tomohiro Fukuda
caadria2012_119,Masaharu Taguchi
caadria2012_119,Ayako Shimizu
caadria2012_119,Lei Sun
caadria2012_120,Tomohiro Fukuda
caadria2012_120,Tian Zhang
caadria2012_120,Ayako Shimizu
caadria2012_120,Masaharu Taguchi
caadria2012_120,Lei Sun
caadria2012_120,Nobuyoshi Yabuki
caadria2012_121,Teng-Wen Chang
caadria2012_121,Heng Jiang
caadria2012_121,Sheng-Han Chen
caadria2012_121,Sambit Datta
caadria2012_123,Sheth Urvi
caadria2012_124,Thomas Fischer
caadria2012_125,Stuart Hanafin
caadria2012_125,Sambit Datta
caadria2012_125,Bernard Rolfe
caadria2012_125,Michael Hobbs
caadria2012_127,Christiane Marger Herr
caadria2012_128,Djordje Stojanovic
caadria2012_129,Nancy Diniz
caadria2012_131,Michael A. Ambrose
caadria2012_132,Daniel Baerlecken
caadria2012_132,David Duncan
caadria2012_133,Daniel Baerlecken
caadria2012_133,Gernot Riether
caadria2013_001,Max C. Doelling
caadria2013_001,Ben Jastram
caadria2013_004,Joerg Rekittke
caadria2013_004,Yazid Ninsalam
caadria2013_004,Philip Paar
caadria2013_006,David J. Gerber
caadria2013_006,Shih-Hsin (eve) Lin
caadria2013_009,Isabel Clara Neves
caadria2013_009,João Rocha 
caadria2013_009,José Pinto Duarte
caadria2013_011,José Pedro Sousa
caadria2013_011,João Pedro Xavier
caadria2013_015,Stylianos Dritsas
caadria2013_015,Kang Shua Yeo
caadria2013_017,Chieh-Jen Lin
caadria2013_021,Suleiman Alhadidi
caadria2013_023,Oliver Tessmann
caadria2013_023,Mirco Becker
caadria2013_024,Rongrong Yu
caadria2013_024,Ning Gu
caadria2013_024,Michael Ostwald
caadria2013_027,Andres Sevtsuk
caadria2013_027,Onur Ekmekci
caadria2013_027,Farre Nixon
caadria2013_027,Reza Amindarbari
caadria2013_030,Ermis Adamantidis
caadria2013_030,Madhav Kidao
caadria2013_030,Marios Tsiliakos
caadria2013_033,Danny D. Nguyen
caadria2013_033,Matthias Hank Haeusler
caadria2013_034,Ubaldo Arenas
caadria2013_034,José Manuel Falcón
caadria2013_039,Maximilian J. Schrems
caadria2013_039,Toni Kotnik
caadria2013_042,Sawako Kaijima
caadria2013_042,Roland Bouffanais
caadria2013_042,Karen Willcox
caadria2013_043,Márcia Regina De Freitas
caadria2013_043,Regina Coeli Ruschel
caadria2013_049,Ju Hyun Lee
caadria2013_049,Ning Gu
caadria2013_049,Anthony Williams
caadria2013_051,Stephen Roe
caadria2013_052,Achille Segard
caadria2013_052,Jules Moloney
caadria2013_052,Tane Jacob Moleta
caadria2013_054,Ricardo Sosa
caadria2013_054,John S. Gero
caadria2013_056,Jason Lim
caadria2013_056,Fabio Gramazio
caadria2013_056,Matthias Kohler
caadria2013_057,Dishita G. Turakhia
caadria2013_060,Antony Pelosi
caadria2013_061,Sun Chengyu Lyu Junchao
caadria2013_061,Zhao Qi
caadria2013_063,Stanimira Markova
caadria2013_063,Andreas Dieckmann
caadria2013_063,Peter Russell
caadria2013_068,Jens Pedersen
caadria2013_068,Andy Vanmater
caadria2013_069,Glen Wash Ivanovic
caadria2013_071,Ena Lloret Kristensen
caadria2013_071,Fabio Gramazio
caadria2013_071,Matthias Kohler
caadria2013_071,Silke Langenberg
caadria2013_072,Hannah Christopher
caadria2013_072,Srinivas Tadeppalli
caadria2013_072,G. Subbaiyan
caadria2013_076,Felix Raspall
caadria2013_076,Matias Imbern
caadria2013_076,William Choi
caadria2013_078,Danelle Briscoe
caadria2013_078,Arman Hadilou
caadria2013_079,Kyle Steinfeld
caadria2013_079,Joy Ko
caadria2013_080,Immanuel Koh
caadria2013_083,Benjamin P. Coorey
caadria2013_083,Julie R. Jupp
caadria2013_085,A. Benjamin Spaeth
caadria2013_087,Jung Hoon Lee
caadria2013_087,Atsuko Kaga
caadria2013_097,Marc Aurel Schnabel
caadria2013_097,Jeremy J. Ham
caadria2013_098,Jong Jin Park
caadria2013_098,Bharat Dave
caadria2013_099,Junghwa K. Suh
caadria2013_099,Hyoung-June Park
caadria2013_100,Patrick Janssen
caadria2013_100,Arno Schlüter
caadria2013_109,Marc Aurel Schnabel
caadria2013_109,Tian Tian Lo
caadria2013_109,Yingge Qu
caadria2013_111,Andrzej Zarzycki
caadria2013_113,Rizal Muslimin
caadria2013_118,Mattias Roupé
caadria2013_118,Mathias Gustafsson
caadria2013_123,Halil I. Erhan
caadria2013_123,David Botta
caadria2013_123,Andy T. Huang
caadria2013_123,Robert F. Woodbury
caadria2013_128,Lei Sun
caadria2013_128,Tomohiro Fukuda
caadria2013_128,Christophe Soulier
caadria2013_129,Lei Sun
caadria2013_129,Tomohiro Fukuda
caadria2013_129,Toshiki Tokuhara
caadria2013_129,Nobuyoshi Yabuki
caadria2013_130,Kazjon S. Grace
caadria2013_130,John S. Gero
caadria2013_130,Rob Saunders
caadria2013_135,Nick Williams
caadria2013_135,Daniel Davis
caadria2013_135,Brady Peters
caadria2013_135,Alexander Peña De León
caadria2013_135,Jane Burry
caadria2013_135,Mark Burry
caadria2013_140,Juhong Park
caadria2013_140,Takehiko Nagakura
caadria2013_148,Filipe Coutinho
caadria2013_148,Eduardo Castro E Costa
caadria2013_148,José Pinto Duarte
caadria2013_148,Mário Kruger
caadria2013_151,Davide Simeone
caadria2013_151,Yehuda E. Kalay
caadria2013_151,Davide Schaumann
caadria2013_156,Tsung-Hsien Wang
caadria2013_160,Annmarie Brennan
caadria2013_160,Suleiman Alhadidi
caadria2013_160,Geoff Kimm
caadria2013_161,Anna Maria Manferdini
caadria2013_161,Elena Manferdini
caadria2013_162,Yueh-Sung Weng
caadria2013_162,Jia-Yih Chen
caadria2013_162,Yu-Pin Ma
caadria2013_162,Cheng-An Pan
caadria2013_162,Taysheng Jeng
caadria2013_163,Vera Parlac
caadria2013_172,Ayodh V. Kamath
caadria2013_173,Volker Mueller
caadria2013_173,Drury B. Crawley
caadria2013_173,Xun Zhou
caadria2013_176,Chris Knapp
caadria2013_177,Greg Pitts
caadria2013_177,Holly Farley
caadria2013_177,Sambit Datta
caadria2013_178,Milena Stavric
caadria2013_178,Albert Wiltsche
caadria2013_181,Yasuhiro Santo
caadria2013_181,Susan Loh
caadria2013_181,Ruwan A. Fernando
caadria2013_183,Thian-Siong Choo
caadria2013_183,Patrick Janssen
caadria2013_184,Patrick Janssen
caadria2013_184,Lo Tian Tian
caadria2013_185,Michela Turrin
caadria2013_185,Rudi Stouffs
caadria2013_185,Sevil Sar_y_ld_z
caadria2013_186,Vignesh Srinivas Kaushik
caadria2013_186,Patrick Janssen
caadria2013_188,Alexander Peña De León
caadria2013_188,Jane Burry
caadria2013_188,Daniel Davis
caadria2013_188,Nick Williams
caadria2013_188,Mark Burry
caadria2013_188,Michael Wilson
caadria2013_195,Jihyun Park
caadria2013_195,Azizan Aziz
caadria2013_195,Kevin Li
caadria2013_195,Carl Covington
caadria2013_198,Zong Jie Chee
caadria2013_198,Patrick Janssen
caadria2013_202,Qun Dai
caadria2013_202,Marc Aurel Schnabel
caadria2013_203,Patrick Janssen
caadria2013_203,Vignesh Srinivas Kaushik
caadria2013_205,Faysal Kabir Shuvo
caadria2013_205,Patrick Janssen
caadria2013_207,Taro Narahara
caadria2013_208,Jong Bum Kim
caadria2013_208,Mark J. Clayton
caadria2013_208,Wei Yan
caadria2013_210,Daniel Baerlecken
caadria2013_210,Katherine Johnson
caadria2013_210,Alice Vialard
caadria2013_211,Priscilla Marqueto
caadria2013_211,Marcelo Tramontano
caadria2013_217,Przemyslaw Kolodziej
caadria2013_217,Jozef Rak
caadria2013_220,André Chaszar
caadria2013_220,José Nuno Beirão
caadria2013_223,Heimo Schimek
caadria2013_223,Albert Wiltsche
caadria2013_223,Markus Manahl
caadria2013_223,Christoph Pfaller
caadria2013_228,Onur Y. Gün
caadria2013_228,Elliot E. Greenblatt
caadria2013_230,Onur Y. Gün
caadria2013_240,Wendy W. Fok
caadria2013_256,Eduardo De Oliveira Barata
caadria2013_256,Dirk Anderson
caadria2013_256,Dagmar Reinhardt
caadria2013_258,Dagmar Reinhardt
caadria2013_258,William Martens
caadria2013_258,Luis Miranda
caadria2013_259,Michael Hansmeyer
caadria2013_259,Benjamin Dillenburger
caadria2013_260,Martin Kaftan
caadria2013_260,Milena Stavric
caadria2013_261,Theodoros Themistocleous
caadria2013_262,Mark E. Alston
caadria2013_263,Flora Dilys Salim
caadria2013_263,Jane Burry
caadria2013_263,Jenny Underwood
caadria2014_002,Matthias Hank Haeusler
caadria2014_002,Danny D. Nguyen
caadria2014_002,Margaret Goldsack
caadria2014_003,Yuki Kobayashi
caadria2014_003,Naoki Katoh
caadria2014_003,Tomohiro Okano
caadria2014_003,Atsushi Takizawa
caadria2014_013,Rafael Moya
caadria2014_013,Flora Dilys Salim
caadria2014_013,Mani Williams
caadria2014_014,Chen Zhong
caadria2014_014,Stefan Müller Arisona
caadria2014_014,Gerhard Schmitt
caadria2014_022,Tomás Dorta
caadria2014_022,Gokce Kinayoglu
caadria2014_027,Atsushi Takizawa
caadria2014_027,Yushi Miyata
caadria2014_027,Naoki Katoh
caadria2014_028,André Chaszar
caadria2014_028,Bige Tunçer
caadria2014_029,Bernadette Devilat
caadria2014_029,Stephen Gage
caadria2014_031,Darin Phare
caadria2014_031,Ning Gu
caadria2014_031,Anthony Williams
caadria2014_034,Danny D. Nguyen
caadria2014_034,Matthias Hank Haeusler
caadria2014_037,Chin Koi Khoo
caadria2014_042,Jack Alam
caadria2014_042,Jeremy J. Ham
caadria2014_043,Kensuke Yasufuku
caadria2014_044,Alvin Huang
caadria2014_044,Stephen Lewis
caadria2014_044,Jason Gillette
caadria2014_046,Rafael Moya
caadria2014_046,Simon Watkins
caadria2014_046,Yan Ding
caadria2014_046,Jane Burry
caadria2014_046,Mark Burry
caadria2014_047,Susannah Dickinson
caadria2014_047,Sheehan Wachter
caadria2014_052,Nan-Ching Tai
caadria2014_054,Dominik Holzer
caadria2014_056,Wael A. Abdelhameed
caadria2014_057,Walaiporn Nakapan
caadria2014_060,Taichi Kuma
caadria2014_061,Yannis Zavoleas
caadria2014_069,Ricardo Sosa
caadria2014_069,Qinqi Xu
caadria2014_069,Rajesh Elara Mohan
caadria2014_070,Shun Watanabe
caadria2014_070,Haruka Kitada
caadria2014_071,Lezhi Li
caadria2014_071,Renyuan Hu
caadria2014_071,Meng Yao
caadria2014_071,Guangwei Huang
caadria2014_071,Ziyu Tong
caadria2014_075,Ruwan A. Fernando
caadria2014_077,Panagiotis Patlakas
caadria2014_080,Eugene Chian
caadria2014_080,Patrick Janssen
caadria2014_083,Mike Christenson
caadria2014_085,António Leitão
caadria2014_088,Renee Puusepp
caadria2014_090,Gerhard Schubert
caadria2014_090,Marcus Tönnis
caadria2014_090,Violin Yanev
caadria2014_090,Gudrun Klinker
caadria2014_090,Frank Petzold
caadria2014_095,Tatyana Pankratov Yekutiel
caadria2014_095,Yasha Jacob Grobman
caadria2014_096,Yasha Jacob Grobman
caadria2014_096,Roy Kozlovsky
caadria2014_099,Immanuel Koh
caadria2014_100,Faysal Tabbarah
caadria2014_102,João V. Lopes
caadria2014_102,Alexandra C. Paio
caadria2014_102,José Pedro Sousa
caadria2014_105,Hiroyuki Takeda
caadria2014_105,Yoshinori Kurashige
caadria2014_105,Keishiro Hara
caadria2014_105,Atsuko Kaga
caadria2014_108,Sabri Gokmen
caadria2014_109,Sabri Gokmen
caadria2014_114,Akito Nakano
caadria2014_114,Akira Wakita
caadria2014_116,Kyung Hoon Hyun
caadria2014_116,Ji-Hyun Lee
caadria2014_116,Minki Kim
caadria2014_116,Sulah Cho
caadria2014_118,Christiane Marger Herr
caadria2014_118,Thomas Fischer
caadria2014_120,Norman Hack
caadria2014_120,Willi Viktor Lauer
caadria2014_120,Fabio Gramazio
caadria2014_120,Matthias Kohler
caadria2014_124,Nicholas Williams
caadria2014_124,Sascha Bohnenberger
caadria2014_124,John Cherrey
caadria2014_136,Jeremy J. Ham
caadria2014_136,Marc Aurel Schnabel
caadria2014_139,Ziyu Tong
caadria2014_142,Daniels Chandra
caadria2014_142,Ning Zhou
caadria2014_145,Serdar Aydin
caadria2014_145,Marc Aurel Schnabel
caadria2014_147,Theodoros Dounas
caadria2014_147,A. Benjamin Spaeth
caadria2014_150,Chris Knapp
caadria2014_150,Jonathan Neslon
caadria2014_150,Michael Parsons
caadria2014_156,Shouto Iwata
caadria2014_156,Mikiya Takei
caadria2014_156,Shiro Matsushima
caadria2014_161,Arsalan Heydarian
caadria2014_161,Joao P. Carneiro
caadria2014_161,David J. Gerber
caadria2014_161,Burcin Becerik-Gerber
caadria2014_161,Timothy Hayes
caadria2014_161,Wendy Wood
caadria2014_163,Stylianos Dritsas
caadria2014_163,Sawako Kaijima
caadria2014_164,Michael Jemtrud
caadria2014_164,Keith G. Ragsdale
caadria2014_167,Cynthia Nojimoto
caadria2014_167,Mayara D. De Souza
caadria2014_167,João Paulo Soares
caadria2014_167,Marcelo Tramontano
caadria2014_170,José Nuno Beirão
caadria2014_170,André Chaszar
caadria2014_170,Ljiljana avi
caadria2014_171,Chia-Hui Lo
caadria2014_171,Teng-Wen Chang
caadria2014_173,Jason Lim
caadria2014_173,Ammar Mirjan
caadria2014_173,Fabio Gramazio
caadria2014_173,Matthias Kohler
caadria2014_177,Katrin Jonas
caadria2014_177,Alan Penn
caadria2014_177,Paul Shepherd
caadria2014_182,Patrick Janssen
caadria2014_182,Vignesh Srinivas Kaushik
caadria2014_184,Patrick Janssen
caadria2014_184,Vignesh Srinivas Kaushik
caadria2014_201,Mark N. Cabrinha
caadria2014_202,Hyoung-June Park
caadria2014_202,raymond Yeh
caadria2014_202,Rebecca Ahlers
caadria2014_204,Filipa Osório
caadria2014_204,Alexandra C. Paio
caadria2014_204,Sancho Oliveira
caadria2014_206,Miguel Sales Dias
caadria2014_206,Sara Eloy
caadria2014_206,Miguel Carreiro
caadria2014_206,Pedro Proença
caadria2014_206,Ana Moural
caadria2014_206,Tiago Pedro
caadria2014_206,João Freitas
caadria2014_206,Elisângela Vilar
caadria2014_206,Jorge D'alpuim
caadria2014_206,António Sérgio Azevedo
caadria2014_207,Christopher Beorkrem
caadria2014_207,Charles Davis Li
caadria2014_212,Sabri Gokmen
caadria2014_218,Sibel Yasemin Özgan
caadria2014_218,Mine Özkar
caadria2014_226,Carlos R. Barrios
caadria2014_234,Alexander Webb
caadria2014_237,Matias Imbern
caadria2014_244,François Leblanc
caadria2014_246,Nicholas Senske
caadria2014_249,Bess Krietemeyer
caadria2014_252,Halil I. Erhan
caadria2014_252,Andy Huang
caadria2014_252,Robert F. Woodbury
caadria2014_254,Cetin Tuker
caadria2014_254,Halil I. Erhan
caadria2014_255,Mani Williams
caadria2014_255,Jane Burry
caadria2014_255,Asha Rao
caadria2014_256,Nicholas Senske
caadria2014_258,Allyn E. Polancic
caadria2014_260,Tomohiro Fukuda
caadria2014_260,Sun Lei
caadria2014_260,Keisuke Mori
caadria2014_264,Madeline Gannon
caadria2014_264,Eric Brockmeyer
caadria2014_274,Martin Kaftan
caadria2014_274,Markus Manahl
caadria2014_274,Jiri Pavlicek
caadria2014_274,Elmar Hess
caadria2014_274,Urs Hirschberg
caadria2014_276,Ramzi Hassan
caadria2014_276,Thomas B. Hansen
caadria2014_276,Helena Nordh
caadria2014_279,Guy Austern
caadria2014_279,Soungmin Yu
caadria2014_279,Mara Moral
caadria2014_279,Theerapat Jirathiyut
caadria2014_288,Zeynep Bacinoglu
caadria2014_288,Sema Alacam
caadria2014_291,Russell C. Thomas
caadria2014_291,John S. Gero
caadria2014_298,Rongrong Yu
caadria2014_298,John S. Gero
caadria2014_298,Ning Gu
caadria2014_501,Faruk Can Unal
caadria2014_502,Youpei Hu
caadria2014_503,Ippei Murahashi
caadria2014_503,Hiroaki Honda
caadria2014_503,Toru Hatori
caadria2014_503,Eriko Tamaru
caadria2014_503,Yuji Matsumoto
caadria2014_503,Nagisa Kidosaki
caadria2014_503,Ryusuke Naka
caadria2014_504,Kazunosuke Ikeno
caadria2014_504,Takashi Koshiba
caadria2014_504,Yu Shimojo
caadria2014_504,Hiroki Michida
caadria2014_504,Hiroyuki Fukumoto
caadria2014_504,Tomohiro Fukuda
caadria2014_505,Jason F. Carlow
caadria2014_506,Chieh-Jen Lin
caadria2014_507,Djordje Stojanovic
caadria2014_507,Milutin Cerovic
caadria2014_508,Michio Matsubayashi
caadria2014_508,Shun Watanabe
caadria2014_509,Ruth Ron
caadria2014_509,Renate Weissenböck
caadria2014_509,Eyal Sheffer
caadria2014_510,Silvestre Joaquim
caadria2014_510,Ikeda Yasushi
caadria2014_512,Elif Belkis Oksuz
caadria2014_512,Gulen Cagdas
caadria2014_513,Jae Wan Park
caadria2014_513,Yongdae Shin
caadria2014_514,Tian Tian Lo
caadria2014_514,Serdar Aydin
caadria2014_514,Marc Aurel Schnabel
caadria2014_515,Nicola Pipe
caadria2014_516,Rui Zhang
caadria2014_516,Patrick Janssen
caadria2014_517,Urvi A. Sheth
caadria2014_518,Marcin Wójcik
caadria2014_518,Sylwia K_aczy_ska
caadria2014_519,Jay Vaai
caadria2014_519,Jules Moloney
caadria2014_519,Tane Jacob Moleta
caadria2014_520,Mark N. Cabrinha
caadria2014_520,Jeff Ponitz
caadria2014_521,Yen-Liang Wu
caadria2014_522,Hyoung-June Park
caadria2014_522,Juliann Chen
caadria2014_523,Wendy W. Fok
caadria2014_524,Sooyeon Rosie Han
caadria2014_524,Mijeong Kim
caadria2014_526,Michele Leidi
caadria2014_526,Arno Schlüter
caadria2014_527,Nicholas Bruscia
caadria2014_527,Christopher Romano
caadria2014_528,Wingly Shih
caadria2014_529,Chor-Kheng Lim
caadria2014_530,Hyun Soo Lee
caadria2014_530,Minkyeong Shim
caadria2014_530,Heuiwon Yoon
caadria2014_530,Jungeun Lee
caadria2014_531,Hyun Soo Lee
caadria2014_531,Minkyu Shin
caadria2014_531,Jisoo Kim
caadria2014_531,Jin-Kook Lee
caadria2014_531,Gyuyeob Jeon
caadria2014_532,Hyun Soo Lee
caadria2014_532,Jisoo Kim
caadria2014_532,Minkyu Shin
caadria2014_532,Jin-Kook Lee
caadria2014_533,Minkyu Shin
caadria2014_533,Hyun Soo Lee
caadria2014_533,Jisoo Kim
caadria2014_533,Jin-Kook Lee
caadria2014_533,Sang-Ik Lee
caadria2014_534,Ju-Yeon Kim
caadria2014_535,Seyun An
caadria2015_002,Riva Tomasowa
caadria2015_004,Sotirios D. Kotsopoulos
caadria2015_004,Federico Casalegno
caadria2015_010,Oscar Gámez
caadria2015_010,Jean-Claude Bignon
caadria2015_010,Gilles Duchanois
caadria2015_012,Yuki Nakama
caadria2015_012,Yasunobu Onishi
caadria2015_012,Kazuhisa Iki
caadria2015_013,Chengde Wu
caadria2015_013,Mark J. Clayton
caadria2015_014,Ju Hyun Lee
caadria2015_014,Michael Ostwald
caadria2015_014,Ning Gu
caadria2015_015,Nathan Melenbrink
caadria2015_015,Nathan King
caadria2015_016,Seung Wan Hong
caadria2015_016,Yehuda E. Kalay
caadria2015_016,Davide Schaumann
caadria2015_023,Michael Weizmann
caadria2015_023,Oded Amir
caadria2015_023,Yasha Jacob Grobman
caadria2015_030,Mahesh Daas
caadria2015_030,Andrew John Wit
caadria2015_031,Gernot Riether
caadria2015_031,Andrew John Wit
caadria2015_031,Steven T. Putt
caadria2015_032,Pei-Hsien Hsu
caadria2015_033,Arman Hadilou
caadria2015_043,Malgorzata A. Zboinska
caadria2015_048,Matthew Austin
caadria2015_048,Gavin Perin
caadria2015_049,Dominik Holzer
caadria2015_054,Daniel Joseph
caadria2015_054,Alan Kim
caadria2015_054,Andrew Butler
caadria2015_054,Matthias Hank Haeusler
caadria2015_060,Jaclyn K. Sun
caadria2015_060,Geoff Kimm
caadria2015_060,Suleiman Alhadidi
caadria2015_061,Kyung Hoon Hyun
caadria2015_061,Aram Min
caadria2015_061,Sun-Joong Kim
caadria2015_061,Ji-Hyun Lee
caadria2015_064,J. Meyer
caadria2015_064,Gilles Duchanois
caadria2015_064,Jean-Claude Bignon
caadria2015_064,A. Bouali
caadria2015_065,Michio Matsubayashi
caadria2015_065,Shun Watanabe
caadria2015_066,R. Vital
caadria2015_066,J. Cory
caadria2015_067,Jungsik Choi
caadria2015_067,Inhan Kim
caadria2015_067,Minchan Kim
caadria2015_069,Chieh-Jen Lin
caadria2015_070,Eliot Rosenberg
caadria2015_070,Matthias Hank Haeusler
caadria2015_070,Jeffrey Koh
caadria2015_072,Fei Si
caadria2015_072,Tsung-Hsien Wang
caadria2015_073,Rongrong Yu
caadria2015_073,John S. Gero
caadria2015_077,Galit Shiff
caadria2015_077,Yael Gilad
caadria2015_077,Amos Ophir
caadria2015_078,Kane Yanagawa
caadria2015_081,Avishag Shemesh
caadria2015_081,Moshe Bar
caadria2015_081,Yasha Jacob Grobman
caadria2015_084,Mohammad Rahmani Asl
caadria2015_084,Chengde Wu
caadria2015_084,Gil Rosen-Thal
caadria2015_084,Wei Yan
caadria2015_086,Weixin Huang
caadria2015_086,Weiguo Xu
caadria2015_087,Tane Jacob Moleta
caadria2015_090,Jawad Altabtabai
caadria2015_090,Wei Yan
caadria2015_092,Chengde Wu
caadria2015_092,Henan Li
caadria2015_092,Wei Yan
caadria2015_096,Tomohiro Fukuda
caadria2015_096,Toshiki Tokuhara
caadria2015_096,Nobuyoshi Yabuki
caadria2015_099,Daekwon Park
caadria2015_099,Juhun Lee
caadria2015_099,Alejandra Romo
caadria2015_102,Paul Loh
caadria2015_105,A. Hosny
caadria2015_105,N. Jacobson
caadria2015_105,Z. Seibold
caadria2015_108,Stylianos Dritsas
caadria2015_109,Rafael Moya
caadria2015_111,Mostafa W. Alani
caadria2015_111,Carlos R. Barrios
caadria2015_114,Rudi Stouffs
caadria2015_117,Andrzej Zarzycki
caadria2015_119,Jungrim Ryu
caadria2015_119,Seung Yeon Choo
caadria2015_122,Kuan-Ying Wu
caadria2015_122,June-Hao Hou
caadria2015_124,Ömer H. Çavuşoğlu 
caadria2015_126,Serdar Aydin
caadria2015_126,Marc Aurel Schnabel
caadria2015_130,Raid Hanna
caadria2015_137,Krisanee Meechao
caadria2015_139,Christiane Marger Herr
caadria2015_139,Ryan C. Ford
caadria2015_142,Milena Stavric
caadria2015_142,Thomas Bogensperger
caadria2015_145,Philip F. Yuan
caadria2015_145,Hua Chai
caadria2015_150,Thomas Fischer
caadria2015_156,Cristina Nan
caadria2015_157,Patrick Janssen
caadria2015_162,Hiroshi Amano
caadria2015_164,Tim Mcginley
caadria2015_164,Darren Fong
caadria2015_168,Ziyu Tong
caadria2015_170,Yu Chen Chen
caadria2015_170,Chao-Ming Wang
caadria2015_172,Thian-Siong Choo
caadria2015_172,Patrick Janssen
caadria2015_176,Youngeun Oh
caadria2015_176,Hyun Soo Lee
caadria2015_178,Patrick Janssen
caadria2015_178,Rudi Stouffs
caadria2015_179,Eonyong Kim
caadria2015_179,Jongtaek Yun
caadria2015_179,Sanghyun Cho
caadria2015_181,Igor Pantic
caadria2015_181,Soomeen Hahm
caadria2015_185,Maria João De Oliveira
caadria2015_185,Vasco Moreira Rato
caadria2015_188,Stefan Krakhofer
caadria2015_188,Martin Kaftan
caadria2015_190,Yi-Sin Wu
caadria2015_190,Teng-Wen Chang
caadria2015_194,Chi-Ming Lu
caadria2015_194,Jia-Yih Chen
caadria2015_194,Cheng-An Pan
caadria2015_194,Taysheng Jeng
caadria2015_202,Felix Amtsberg
caadria2015_202,Felix Raspall
caadria2015_202,Andreas Trummer
caadria2015_203,Walaiporn Nakapan
caadria2015_206,Sheng-Fen Chien
caadria2015_206,Hsiu-Pai Su
caadria2015_206,Yu-Wei Huang
caadria2015_208,Shani Sharif
caadria2015_208,T. Russell Gentry
caadria2015_209,Lorena C. de S. Moreira
caadria2015_209,Regina Coeli Ruschel
caadria2015_210,Kevin Sweet
caadria2015_213,Sorachai Kornkasem
caadria2015_213,John B. Black
caadria2015_218,Kihong Ku
caadria2015_218,Daniel Hii Jun Chung
caadria2015_220,Nancy Y. Cheng
caadria2015_220,Mehrnoush Latifi
caadria2015_220,Nicholas Williams
caadria2015_220,Daniel Prohasky
caadria2015_220,Jane Burry
caadria2015_226,Ardavan Bidgoli
caadria2015_226,Daniel Cardoso-Llach
caadria2015_233,Ruwan A. Fernando
caadria2015_233,Robin Drogemuller
caadria2015_237,Frano. Bazalo
caadria2015_237,Tane Jacob Moleta
caadria2015_246,Wendy W. Fok
caadria2016_003,Tane Jacob Moleta
caadria2016_003,Timothy G. Voss
caadria2016_013,Gideon D.P.A. Aschwanden
caadria2016_023,Bewketu Kassa
caadria2016_023,Hyoung-June Park
caadria2016_033,Marc Aurel Schnabel
caadria2016_033,Yingyi Zhang
caadria2016_045,Annisa R. Rizal
caadria2016_045,Ben Doherty
caadria2016_045,Matthias Hank Haeusler
caadria2016_055,Sangho Lee
caadria2016_055,Seyun An
caadria2016_055,Soyeon Kim
caadria2016_055,Yountaik Leem
caadria2016_063,Derek Kawiti
caadria2016_063,James Durcan
caadria2016_063,Marc Aurel Schnabel
caadria2016_073,Jin-Kook Lee
caadria2016_073,Seokyung Park
caadria2016_085,Guohua Ji
caadria2016_095,Michael Ostwald
caadria2016_095,Ning Gu
caadria2016_095,Rongrong Yu
caadria2016_105,Dong Yan
caadria2016_105,Weixin Huang
caadria2016_105,Zhida Song
caadria2016_115,Rudi Stouffs
caadria2016_125,I-Chih Chen
caadria2016_125,June-Hao Hou
caadria2016_135,Deedee Min
caadria2016_135,Ji-Hyun Lee
caadria2016_147,António Leitão
caadria2016_147,B. Ferreira
caadria2016_147,G. Barreto
caadria2016_147,Sofia Feist
caadria2016_157,Akshata Mohanty
caadria2016_157,Patrick Janssen
caadria2016_157,Ruize Li
caadria2016_167,Hsiu-Pai Su
caadria2016_167,Sheng-Fen Chien
caadria2016_177,Giacomo Nannicini
caadria2016_177,Thomas Wortmann
caadria2016_187,Camilo Cruz
caadria2016_187,Justyna Karakiewicz
caadria2016_187,Michael Kirley
caadria2016_197,Yannis Zavoleas
caadria2016_209,Guohua Ji
caadria2016_209,Likai Wang
caadria2016_209,Zilong Tan
caadria2016_219,Daniel Prohasky
caadria2016_219,Jane Burry
caadria2016_219,Jesse Mccarty 
caadria2016_219,Mehrnoush Latifi
caadria2016_219,Rafael Moya Castro
caadria2016_219,Simon Watkins
caadria2016_229,Abel Tablada
caadria2016_229,Ji Zhang
caadria2016_229,Nyuk Hien Wong
caadria2016_229,Rudi Stouffs
caadria2016_229,Yuezhong Liu
caadria2016_239,Daniel J. Prohasky
caadria2016_239,Jane Burry
caadria2016_239,Rafael Moya Castro
caadria2016_239,Simon Watkins
caadria2016_249,Taichi Kuma
caadria2016_259,Jia-Yih Chen
caadria2016_259,Shao-Chu Huang
caadria2016_271,Chin Koi Khoo
caadria2016_271,Flora Salim
caadria2016_281,Diego Pinochet
caadria2016_291,Akito Hotta
caadria2016_291,Kensuke Hotta
caadria2016_301,J. Hollick
caadria2016_301,Sambit Datta
caadria2016_301,Teng-Wen Chang
caadria2016_311,Kuan-Lin Chen
caadria2016_311,Ming-Ying Wu
caadria2016_311,Yu-Chun Huang
caadria2016_321,Min-Nan Liao
caadria2016_321,Sambit Datta
caadria2016_321,Teng-Wen Chang
caadria2016_321,Yi-Sin Wu
caadria2016_333,Benjamin Strobel
caadria2016_333,Frank Petzold
caadria2016_333,Gerhard Schubert
caadria2016_343,Aswin Indraprastha
caadria2016_343,Nova Asriana
caadria2016_353,Feng Yuan
caadria2016_353,Shuyi Huang
caadria2016_353,Tong Xiao
caadria2016_363,Alexander Lee
caadria2016_363,Matthias Hank Haeusler
caadria2016_363,Suleiman Alhadidi
caadria2016_373,Mary Katherine Heinrich
caadria2016_373,Phil Ayres
caadria2016_383,A. Hauck
caadria2016_383,C. Beorkrem
caadria2016_383,J. Ellinger
caadria2016_383,P. Bernstein
caadria2016_395,J. P. Ugarte
caadria2016_395,M. Leef
caadria2016_405,Alessandro Liuti
caadria2016_405,Keryn Liew
caadria2016_405,Lian Chen Ng
caadria2016_415,Adam Fingrut
caadria2016_415,Kristof Crolla
caadria2016_425,Firza Utama Sjarifudin
caadria2016_435,Chieh-Jen Lin
caadria2016_445,François Guéna
caadria2016_445,Joaquim Silvestre
caadria2016_445,Yasushi Ikeda
caadria2016_457,Kokfu Lok
caadria2016_457,Szu-Yin Chen
caadria2016_457,Tay-Sheng Jeng
caadria2016_467,Eonyong Kim
caadria2016_467,Hanjong Jun
caadria2016_467,Mikyoung Kim
caadria2016_467,Seungyeul Ji
caadria2016_477,C. C. Hsu
caadria2016_477,Mao-Lin Chiu
caadria2016_477,Y. P. Ma
caadria2016_487,Inhan Kim
caadria2016_487,Jihye Shin
caadria2016_487,Jungsik Choi
caadria2016_497,Jaehong Jun
caadria2016_497,Jungrim Ryu
caadria2016_497,Seunghyeon Lee
caadria2016_497,Seungyeon Choo
caadria2016_507,Inhan Kim
caadria2016_507,Jiyong Lee
caadria2016_507,Jungsik Choi
caadria2016_517,Pei Wen Lu
caadria2016_517,Yang-Ting Shen
caadria2016_529,David Jenny
caadria2016_529,Fabio Gramazio
caadria2016_529,Matthias Kohler
caadria2016_529,Romana Rust
caadria2016_539,D. Goldbach
caadria2016_539,E. Lublasser
caadria2016_539,Johannes Braumann
caadria2016_539,Sigrid Brell-Cokcan
caadria2016_549,Christiane M. Herr
caadria2016_549,Thomas Fischer
caadria2016_559,Baris Cokcan
caadria2016_559,Johannes Braumann
caadria2016_559,Martin Trautz
caadria2016_559,W. Winter
caadria2016_569,Dharman Gersch
caadria2016_569,Nicholas Williams
caadria2016_579,Rachel Tan
caadria2016_579,Stylianos Dritsas
caadria2016_589,Kostas Grigoriadis
caadria2016_601,Stephen Harfield
caadria2016_601,Wajdy Qattan
caadria2016_611,Stylianos Dritsas
caadria2016_621,Ji Ho Lee
caadria2016_621,Ji-Hyun Lee
caadria2016_631,Jane Burry
caadria2016_631,Pantea Alambeigi
caadria2016_631,Sipei Zhao
caadria2016_631,Xiaojun Qiu
caadria2016_641,B. Heiermann
caadria2016_641,D. Baerlecken
caadria2016_641,J. Reitz
caadria2016_641,K. Wright
caadria2016_641,N. Mueller
caadria2016_651,Jane Burry
caadria2016_651,Malte Wagenfeld
caadria2016_651,Paul Loh
caadria2016_663,Ali Motamedi
caadria2016_663,Masahiro Hosokawa
caadria2016_663,Nobuyoshi Yabuki
caadria2016_663,Takashi Michikawa
caadria2016_663,Tomohiro Fukuda
caadria2016_673,Fredrik JöRnebrant
caadria2016_673,Mattias Roupé
caadria2016_673,Mikael Johansson
caadria2016_673,Mikael Viklund Tallgren
caadria2016_673,Petru Andrei Tomsa
caadria2016_683,Davide Pierini
caadria2016_683,Marc Aurel Schnabel
caadria2016_683,Serdar Aydin
caadria2016_683,Tane Jacob Moleta
caadria2016_683,Tomás Dorta
caadria2016_693,Henry Skates
caadria2016_693,Karine Dupre
caadria2016_693,Ruwan Fernando
caadria2016_703,Ali Motamedi
caadria2016_703,Nobuyoshi Yabuki
caadria2016_703,Takashi Michikawa
caadria2016_703,Tomohiro Fukuda
caadria2016_703,Yakui Ding
caadria2016_713,Ali Motamedi
caadria2016_713,Nobuyoshi Yabuki
caadria2016_713,Takashi Michikawa
caadria2016_713,Tomohiro Fukuda
caadria2016_713,Yusuke Sato
caadria2016_725,Ronglou Zhou
caadria2016_725,Ziyu Tong
caadria2016_735,Jose Pedro Sousa
caadria2016_735,Pedro De Azambuja Varela
caadria2016_735,Pedro Martins
caadria2016_745,Seiichi Suzuki E.
caadria2016_755,David Leggett
caadria2016_755,Paul Loh
caadria2016_755,Timothy Cameron
caadria2016_767,Pedro De Azambuja Varela
caadria2016_767,Timothy R. Merritt
caadria2016_777,Andry Widyowijatnoko
caadria2016_777,Rakhmat F. Aditra
caadria2016_787,Andrew Kudless
caadria2016_787,Chris Knapp
caadria2016_787,Jonathan Nelson
caadria2016_787,Sascha Bohnenberger
caadria2016_797,Guillaume Habert
caadria2016_797,Isolda Agustí-Juan
caadria2016_809,Walaiporn Nakapan
caadria2016_819,Hedda H. Askland
caadria2016_819,Nicholas C. Foulcher
caadria2016_819,Ning Gu
caadria2016_829,Matthew Austin
caadria2016_829,Wajdy Qattan
caadria2016_839,Keisuke Toyoda
caadria2016_839,Tsukasa Takenaka
caadria2016_839,Yasushi Ikeda
caadria2016_851,Benay Gursoy
caadria2016_861,Jennifer Shields
caadria2016_861,John S. Gero
caadria2016_861,Rongrong Yu
caadria2016_871,B. Gardiner
caadria2016_871,P. Tombesi
caadria2016_871,S. Colabella
caadria2016_881,François Guéna
caadria2016_881,Joaquim Silvestre
caadria2016_881,Yasushi Ikeda
caadria2017_001,Marc Aurel Schnabel
caadria2017_001,Ning Wang
caadria2017_001,Rong Chen
caadria2017_001,Yi He
caadria2017_002,Jane Burry
caadria2017_002,Manuel Muehlbauer
caadria2017_002,Matthias Hank Haeusler
caadria2017_002,Sascha Bohnenberger
caadria2017_003,David Leggett
caadria2017_003,Paul Loh
caadria2017_004,Marc Aurel Schnabel
caadria2017_004,Tane Jacob Moleta
caadria2017_004,Tian Tian Lo
caadria2017_005,Jing Lin Koh
caadria2017_005,Stylianos Dritsas
caadria2017_005,Tian Xia
caadria2017_005,Yi Qian Goh
caadria2017_005,Yutong Chen
caadria2017_008,Hao Hua
caadria2017_008,Tingli Jia
caadria2017_009,David Leggett
caadria2017_009,Paul Loh
caadria2017_009,Shawn Jyh Shen Koh
caadria2017_009,Xuyou Yang
caadria2017_015,Antony Pelosi
caadria2017_016,Ju Hyun Lee
caadria2017_016,Michael Ostwald
caadria2017_016,Rongrong Yu
caadria2017_017,Eonyong Kim
caadria2017_017,Hyejin Park
caadria2017_017,Seunghyeon Lee
caadria2017_017,Seungyeon Choo
caadria2017_018,Dagmar Reinhardt
caadria2017_018,Shayani Fernando
caadria2017_018,Simon Weir
caadria2017_021,Hyunsoo Lee
caadria2017_021,Ji-Hyoun Hwang
caadria2017_023,John S. Gero
caadria2017_027,Andrew Butler
caadria2017_027,Madeleine Johanson
caadria2017_027,Matthias Hank Haeusler
caadria2017_027,Nazmul Khan
caadria2017_027,Rob Asher
caadria2017_028,Alessandra Fabbri
caadria2017_028,Erik Escalante
caadria2017_028,Lachlan Sharah
caadria2017_028,Matthias Hank Haeusler
caadria2017_028,Romain Guillot
caadria2017_029,Yong Kang Cao
caadria2017_029,Zheng Sun
caadria2017_030,Shuo Wang
caadria2017_030,Shuoxian Wu
caadria2017_030,Yuezhe Zhao
caadria2017_031,Jane Burry
caadria2017_031,Kristof Crolla
caadria2017_031,Manuel Muehlbauer
caadria2017_031,Nicholas Williams
caadria2017_033,Bin Zhang
caadria2017_033,Jun Liu
caadria2017_033,Tengteng Qu
caadria2017_033,Wei Zang
caadria2017_033,Weiwei Li
caadria2017_033,Yongsheng Wang
caadria2017_033,Yun Zhu
caadria2017_033,Zhenwei Peng
caadria2017_035,Emad Al-Qattan
caadria2017_035,Philip Galanter
caadria2017_035,Wei Yan
caadria2017_037,Christoph Klemmt
caadria2017_037,Rajat Sodhi
caadria2017_040,Blaire Haslop
caadria2017_040,Marc Aurel Schnabel
caadria2017_040,Serdar Aydin
caadria2017_041,Chin Kiat Sia
caadria2017_041,Kendall Koh
caadria2017_041,Rachel Tan
caadria2017_041,Stylianos Dritsas
caadria2017_041,Yong Kiat Tee
caadria2017_042,Anycie Coorey
caadria2017_042,Ben Coorey
caadria2017_043,Anycie Coorey
caadria2017_043,Ben Coorey
caadria2017_043,Matthias Hank Haeusler
caadria2017_046,Kaiko Kivi
caadria2017_046,Renee Puusepp
caadria2017_046,Taavi Lõoke
caadria2017_047,Kristof Crolla
caadria2017_047,Sining Wang
caadria2017_048,Dan Luo
caadria2017_048,Pengyu Zhang
caadria2017_048,Rui Dai
caadria2017_048,Weiguo Xu
caadria2017_048,Weixin Huang
caadria2017_048,Yufeng Zhu
caadria2017_051,Rudi Stouffs
caadria2017_051,Yuezhong Liu
caadria2017_052,Chengyu Sun
caadria2017_052,Diqiong Xu
caadria2017_052,Kryvko Daria
caadria2017_052,Peihong Tao
caadria2017_054,António Leitão
caadria2017_054,Carmo Cardoso
caadria2017_054,Renata Castelo Branco
caadria2017_055,António Leitão
caadria2017_055,Inês Caetano
caadria2017_056,Marina A. P. Andrade
caadria2017_056,Miguel Carreiro
caadria2017_056,Miguel Sales Dias
caadria2017_057,Gerhard Schmitt
caadria2017_057,Lukas Treyer
caadria2017_057,Peter Buš
caadria2017_058,Artem Chirkin
caadria2017_058,Lukas Treyer
caadria2017_058,Mei-Chih Chang
caadria2017_058,Peter Buš
caadria2017_058,Reinhard Koenig
caadria2017_058,Yufan Miao
caadria2017_062,Han-Jong Jun
caadria2017_062,Mi-Kyoung Kim
caadria2017_062,Seung Yeul Ji
caadria2017_063,Weiguo Xu
caadria2017_063,Yidong Ma
caadria2017_067,Juliano Pita
caadria2017_067,Marcelo Tramontano
caadria2017_069,Lawrence Sass
caadria2017_069,Lujie Chen
caadria2017_069,Stylianos Dritsas
caadria2017_070,Jenny Xie
caadria2017_070,Kent Larson
caadria2017_070,Luis Alonso
caadria2017_070,Nai Chun Chen
caadria2017_070,Phil Tinn
caadria2017_070,Takehiko Nagakura
caadria2017_072,Apiwat Pattanasirimongkol
caadria2017_072,Walaiporn Nakapan
caadria2017_072,Yee Kee Ku
caadria2017_074,Gilbert Fung
caadria2017_074,Halil Erhan
caadria2017_074,Ivy Wang
caadria2017_074,Janelynn Chan
caadria2017_074,Naghmi Shireen
caadria2017_079,Ali Motamedi
caadria2017_079,Munetoshi Miyake
caadria2017_079,Nobuyoshi Yabuki
caadria2017_079,Tomohiro Fukuda
caadria2017_080,Jan Knippers
caadria2017_080,Seiichi Suzuki
caadria2017_081,Ali Motamedi
caadria2017_081,Kazuki Yokoi
caadria2017_081,Nobuyoshi Yabuki
caadria2017_081,Tomohiro Fukuda
caadria2017_085,Han-Jong Jun
caadria2017_085,Mi-Kyoung Kim
caadria2017_085,Yong-Ju Lee
caadria2017_086,Immanuel Koh
caadria2017_086,Jeffrey Huang
caadria2017_086,Paul Keel
caadria2017_094,Gavin Perin
caadria2017_094,Linda Matthews
caadria2017_095,Hyo Jung Lee
caadria2017_095,Hyunsoo Lee
caadria2017_096,Christiane M. Herr
caadria2017_096,Haofeng Wang
caadria2017_101,Benjamin Spaeth
caadria2017_101,Chenke Zhang
caadria2017_101,Hao Wu
caadria2017_101,Theodoros Dounas
caadria2017_104,Benjamin Spaeth
caadria2017_104,Chitraj Bissoonauth
caadria2017_104,Isaac Galobardes
caadria2017_104,Theodoros Dounas
caadria2017_104,Xiao Lu
caadria2017_105,Patrick Janssen
caadria2017_107,Haojie Hu
caadria2017_107,Qiuyi Bian
caadria2017_107,Yingnan Chen
caadria2017_107,Zixuan Luo
caadria2017_107,Ziyu Tong
caadria2017_109,Kensuke Hotta
caadria2017_109,Mizuki Muraoka
caadria2017_109,Naoki Imanishi
caadria2017_109,Ran Tateyama
caadria2017_109,Shinichiro Hinoki
caadria2017_109,U-ichi Abe
caadria2017_109,Yasushi Ikeda
caadria2017_110,Danilo Di Mascio
caadria2017_113,Mingbo Wu
caadria2017_113,Weixin Huang
caadria2017_113,Yuming Lin
caadria2017_115,Matthias Hank Haeusler
caadria2017_115,Rebekah Araullo
caadria2017_118,Sema Alaçam
caadria2017_118,Serkan Kocabay
caadria2017_122,Kai-Hsiang Liang
caadria2017_122,Zi-Ru Chen
caadria2017_123,Aleksandra Raonic
caadria2017_123,Milos Raonic
caadria2017_124,Thomas Wortmann
caadria2017_125,Jian Ming Huang
caadria2017_127,Christiane M. Herr
caadria2017_127,Thomas Fischer
caadria2017_129,Trevor Ryan Patt
caadria2017_131,Akito Hotta
caadria2017_131,Hikaru Ikeda
caadria2017_131,Kensuke Hotta
caadria2017_131,U-ichi Abe
caadria2017_131,Yasushi Ikeda
caadria2017_131,Yosuke Takami
caadria2017_132,António Leitão
caadria2017_132,Bruno Ferreira
caadria2017_132,Sofia Feist
caadria2017_134,Andrzej Zarzycki
caadria2017_134,Mathew Schwartz
caadria2017_135,Hayan Kim
caadria2017_135,Jaeyoung Shin
caadria2017_135,Jin-Kook Lee
caadria2017_135,Jungsik Choi
caadria2017_136,Cheng Zhang
caadria2017_136,Lijing Ong
caadria2017_142,Sawako Kaijima
caadria2017_142,Tat Lin Lee
caadria2017_142,Ying Yi Tan
caadria2017_145,Ebrahim Poustinchi
caadria2017_145,Nooshin Ahmadi
caadria2017_145,Saleh Kalantari
caadria2017_147,Andrew Cokro Putra
caadria2017_147,Aswin Indraprastha
caadria2017_147,Augustine Nathania Chirstanti
caadria2017_147,Fauzan Alfi Agirachman
caadria2017_147,Irene Debora Meilisa Sitompul
caadria2017_147,Michihiko Shinozaki
caadria2017_147,Ruri Nuraeni
caadria2017_147,Teresa Zefanya
caadria2017_147,Yo Ozawa
caadria2017_149,Rachel Dickey
caadria2017_155,Edgar Rodriguez
caadria2017_155,Judyta Maria Cichocka
caadria2017_155,Will Neil Browne
caadria2017_158,Tane Jacob Moleta
caadria2017_163,Mohammad Hassan Saleh Tabari
caadria2017_163,Saleh Kalantari
caadria2017_165,Alireza Borhani
caadria2017_165,Ergun Akleman
caadria2017_165,Negar Kalantar
caadria2017_168,Alireza Borhani
caadria2017_168,Negar Kalantar
caadria2017_174,Gabriel Wurzer
caadria2017_174,Wolfgang E. Lorenz
caadria2017_175,Andrei Smolik
caadria2017_175,Sambit Datta
caadria2017_175,Teng-Wen Chang
caadria2017_182,Matthew Austin
caadria2017_183,Dominik Holzer
caadria2017_185,Brett Abroe
caadria2017_185,David Kroll
caadria2017_185,Matt Murphy
caadria2017_185,Ning Gu
caadria2017_185,Tessa Sare
caadria2017_185,Tim McGinley
caadria2017_189,Dagmar Reinhardt
caadria2017_189,Densil Cabrera
caadria2017_190,Timothy R. Merritt
caadria2017_190,Troels A. Rasmussen
